"lat" "lon" "wealthscore" "nl" "n" "sample"
-17.116384 35.156573 -19096.064516129 0.0705563093622795 31 1
-17.086795 35.260351 -37880.1176470588 0 34 1
-17.067927 35.100017 -61920.2647058823 0 34 1
-17.021595 35.1881 -27254.3225806452 0 31 1
-17.01465 35.194647 -38566.6666666667 0 30 1
-17.010205 35.180508 -56317.696969697 0 33 1
-17.006288 35.1423 -45292.2727272727 0 33 1
-16.977431 35.236957 -42312.625 0.224747474747475 32 1
-16.939232 35.251827 -18883.4117647059 0.911931818181818 17 1
-16.934603 35.240475 77148.5263157895 1.00852272727273 19 1
-16.929712 35.223278 -39409.5588235294 1.14516129032258 34 1
-16.91916 35.242726 147055.888888889 1.0791788856305 18 1
-16.91516 35.255991 88603.4210526316 1.11515151515152 19 1
-16.872638 35.25622 -35508.0625 0.730639730639731 32 1
-16.823502 35.191417 -78460.8 0 35 1
-16.7962 35.278614 -30510.9705882353 0 34 1
-16.772823 35.26068 -6557.93939393939 0 33 1
-16.725834 35.20067 -40813.6857142857 0 35 1
-16.657373 34.862647 -51376.2424242424 0 33 1
-16.634347 35.168991 -46456 0.0707070707070707 34 1
-16.581652 35.104746 77142.303030303 1.38068181818182 33 1
-16.566304 34.915301 -31581.9696969697 0 33 1
-16.552319 35.098245 14392.7647058824 1.38068181818182 34 1
-16.534188 34.996389 -56685.9032258065 0 31 1
-16.524022 35.035445 24983.25 0.335227272727273 32 1
-16.516724 34.835624 -53568.3333333333 0.596590909090909 30 1
-16.514492 35.172339 -12098.1818181818 0.159090909090909 33 1
-16.495885 35.013358 -64824.0333333333 0 30 1
-16.487874 35.160419 -40382.1428571429 0 35 1
-16.48649 35.190727 -45363.3571428571 0 28 1
-16.456775 34.833348 -54819.2647058823 2.16363636363636 34 1
-16.431241 35.138212 -45490 0.272727272727273 29 1
-16.430022 35.193435 -51807.84375 0.3 32 1
-16.422075 34.836729 15835.2903225806 2.09090909090909 31 1
-16.385135 35.11969 -39063 0.272727272727273 34 1
-16.363671 34.689968 -58587.0606060606 0 33 1
-16.348857 35.270574 -56778.9393939394 0 33 1
-16.318043 35.113076 -27211.8235294118 0 34 1
-16.291151 34.832304 -8783.42307692308 3.74125874125874 26 1
-16.283618 35.05298 -16518.3125 0 32 1
-16.281309 35.209823 -25003.65625 0 32 1
-16.268233 35.212532 -26556.2647058824 0 34 1
-16.258169 34.88015 -36226.6129032258 8.02272727272727 31 1
-16.253214 34.643722 -42452 0 34 1
-16.246213 35.04159 -24391.7272727273 0 33 1
-16.245292 34.854504 10551.0909090909 7.95 33 1
-16.243695 34.877788 78981.5294117647 8.11363636363636 34 1
-16.237773 35.230049 17493.71875 0 32 1
-16.227816 35.172284 -44631.7741935484 0 31 1
-16.226423 35.097829 1895.18181818182 0.272727272727273 33 1
-16.180423 35.09153 -8619.77419354839 1.37062937062937 31 1
-16.176647 35.31898 -27815.275862069 0 29 1
-16.17607 34.975162 -15445.9428571429 0 35 1
-16.144656 34.792836 -36359.4375 0.0378787878787879 32 1
-16.122579 35.261903 28292.3125 0 32 1
-16.118987 34.64726 -50531.4705882353 0 34 1
-16.117735 35.613243 -34015.0857142857 0.863636363636364 35 1
-16.114286 35.528686 33017.3103448276 0.507575757575758 29 1
-16.111731 35.159471 -2549.31034482759 1.44545454545455 29 1
-16.109735 35.527632 -35979.2333333333 0.598484848484849 30 1
-16.105101 35.441706 -31732.7142857143 0 35 1
-16.103904 35.057323 2024.96875 1.14545454545455 32 1
-16.097282 34.82731 3412.8125 0.333333333333333 32 1
-16.088617 35.045732 -23696.0909090909 0.696969696969697 33 1
-16.085565 35.406395 -30361.34375 0 32 1
-16.082135 35.112921 40229.7272727273 3.66666666666667 33 1
-16.080486 34.955285 -34104.7941176471 0 34 1
-16.072713 35.737892 133441.419354839 5.6969696969697 31 1
-16.070749 35.665198 69673.3870967742 4.11818181818182 31 1
-16.067074 35.317581 -3284.37142857143 0.520661157024793 35 1
-16.0659 34.54605 -61444.8571428571 0 35 1
-16.062026 35.351747 -42824.71875 0.245454545454545 32 1
-16.055145 35.600005 -25168.4193548387 1.64462809917355 31 1
-16.051764 35.599073 -32592.4242424242 1.64462809917355 33 1
-16.048833 35.738973 31402.0689655172 4.49242424242424 29 1
-16.048675 34.806654 82511.9117647059 2.91735537190083 34 1
-16.044229 34.980508 -20139.0857142857 0.424242424242424 35 1
-16.039542 35.443417 -36941.7352941177 2.31404958677686 34 1
-16.034767 35.493971 296416.842105263 5.37190082644628 19 1
-16.022248 35.293089 120730.35 3.64462809917355 20 1
-16.018869 35.177532 41792.9 2.00826446280992 30 1
-16.016412 35.126059 40982.28125 1.77685950413223 32 1
-16.015506 35.30742 95885.95 4.04132231404959 20 1
-16.013626 35.305924 -13665.3636363636 4.04132231404959 33 1
-16.010777 35.50376 -11257.875 4.90151515151515 32 1
-16.010164 35.296923 152600.266666667 3.70454545454545 15 1
-16.010126 34.865917 5241.15625 0 32 1
-16.010008 35.234588 23999.5625 1.67768595041322 32 1
-16.008543 35.303629 206556.4 3.70454545454545 20 1
-16.005972 35.332766 -12529.8857142857 3.09090909090909 35 1
-16.005843 35.502827 190220.842105263 5.29752066115702 19 1
-15.992646 35.378723 -13711 1.25 35 1
-15.976629 35.174589 -26758.8125 0.0413223140495868 32 1
-15.976537 35.4831 29157.7333333333 3.52066115702479 30 1
-15.975258 34.89137 -22062.8928571429 0 28 1
-15.975115 34.42413 -51239.5 0 34 1
-15.973882 35.777124 -36056 0 32 1
-15.961935 34.990828 -31622.4285714286 0.445454545454545 35 1
-15.961505 35.271329 -18546.5142857143 1.5 35 1
-15.947212 35.450375 -14935.4545454545 1.28925619834711 33 1
-15.931439 35.164209 -17980.1612903226 0 31 1
-15.917887 35.489905 15502.8235294118 0 34 1
-15.916138 35.201385 14700.5588235294 0 34 1
-15.914878 34.954459 -2454.8275862069 2.13223140495868 29 1
-15.914497 35.18162 -15407 0 33 1
-15.914198 35.062924 7320.88571428571 6.80165289256198 35 1
-15.911843 35.381372 -29164.3235294118 0.209090909090909 34 1
-15.910202 35.271064 -2994.16129032258 0 31 1
-15.906036 35.769052 -39411.46875 0 32 1
-15.900908 35.113995 3633.03125 3.40495867768595 32 1
-15.88707 35.529168 -40505.0333333333 0 30 1
-15.881483 35.402483 -27934.2121212121 0 33 1
-15.877773 35.254605 13859.5454545455 0 33 1
-15.872526 35.755157 -20874.3939393939 0 33 1
-15.871718 35.051023 -11987.3684210526 17.8909090909091 19 1
-15.866537 35.30351 -32924.0285714286 0.0495867768595041 35 1
-15.862092 35.081176 -14033.2105263158 17.0272727272727 19 1
-15.856582 35.040419 45382.9411764706 25.7768595041322 17 1
-15.851023 34.477879 -71855.7878787879 0 33 1
-15.850064 35.070988 192843.105263158 25.5454545454545 19 1
-15.84674 35.095554 140104.421052632 17.37 19 1
-15.843186 35.233593 -35132.8125 0.446280991735537 32 1
-15.841384 34.987266 59667.1333333333 27.4181818181818 15 1
-15.836095 35.377684 -20045.4285714286 0 35 1
-15.834682 35.069449 186814.333333333 32.2479338842975 18 1
-15.833701 35.041294 85233.3333333333 39.4793388429752 18 1
-15.833675 35.11368 -29271.7142857143 11.0909090909091 28 1
-15.832036 34.980566 111846.789473684 29.6115702479339 19 1
-15.830632 35.066719 232405.75 32.2479338842975 20 1
-15.830084 35.234476 -31424.8857142857 0.446280991735537 35 1
-15.828926 35.582626 -12072.0606060606 0.481818181818182 33 1
-15.826733 35.234437 -37604.7352941177 0.446280991735537 34 1
-15.822837 34.985753 145579.9 33.4710743801653 20 1
-15.822544 35.20116 -12242.6875 1.52066115702479 32 1
-15.818702 35.138664 -31433 5.32231404958678 32 1
-15.818608 35.048704 101278.05 44.3223140495868 20 1
-15.818024 35.206239 -36055.34375 1.21487603305785 32 1
-15.817601 35.096306 117723.7 22.5545454545455 20 1
-15.817552 35.012556 469530.470588235 48.5454545454545 17 1
-15.81482 35.00872 473168.315789474 46.9504132231405 19 1
-15.812818 35.05761 380617.7 43.4181818181818 20 1
-15.807951 35.093404 107793 25.9834710743802 19 1
-15.807108 35.810953 -11373.7272727273 0.0495867768595041 33 1
-15.806168 35.651164 146228 1.16528925619835 19 1
-15.801605 35.037424 225360.15 53.2545454545455 20 1
-15.801519 35.029466 341777.65 54.7272727272727 20 1
-15.799206 35.066123 186880.736842105 39.7851239669422 19 1
-15.797853 35.073214 120859.5 35.3057851239669 20 1
-15.797263 35.647871 -9455.375 1.16528925619835 32 1
-15.794092 35.449997 -28230.5454545455 0 33 1
-15.791752 35.534352 -17292.625 0 32 1
-15.79004 35.326127 -3367.60606060606 0 33 1
-15.784385 35.069253 163398.647058824 38.2314049586777 17 1
-15.783438 35.808865 -7062.45454545455 0.0495867768595041 33 1
-15.780158 34.98402 105722.388888889 45.900826446281 18 1
-15.776877 34.980623 138367.315789474 45.4214876033058 19 1
-15.775663 35.291965 -42961.0322580645 0 31 1
-15.774661 34.353836 -47486.1176470588 0 34 1
-15.774284 35.023117 350230.833333333 53.9917355371901 18 1
-15.774103 35.715068 194050.176470588 0.396694214876033 17 1
-15.773951 35.054898 183931.722222222 44.3272727272727 18 1
-15.773442 34.458178 -34315.5172413793 0 29 1
-15.772709 35.167822 -31956.1764705882 1.82644628099174 34 1
-15.772112 35.672172 23353.1515151515 1.01652892561983 33 1
-15.772046 34.98041 220602 45.4214876033058 19 1
-15.771636 34.576213 -53257.125 0 32 1
-15.771519 35.046762 183813.95 45.1454545454545 20 1
-15.770513 35.040999 178160.315789474 49 19 1
-15.769884 35.032805 192055.666666667 50.6280991735537 18 1
-15.76937 35.054157 159617.388888889 42.3727272727273 18 1
-15.768894 35.029754 176877.2 52.1090909090909 20 1
-15.768322 34.992245 240169.368421053 47.6198347107438 19 1
-15.767539 35.571145 -18472 0 29 1
-15.765688 35.613522 -17320.2941176471 1.01652892561983 34 1
-15.765332 34.505152 -42674.4117647059 0 34 1
-15.76456 35.012107 158152.7 53.3454545454545 20 1
-15.763247 35.007363 156858.75 51.2181818181818 20 1
-15.762426 34.980107 273584.95 43.9636363636364 20 1
-15.762092 34.999108 161399.25 49.6909090909091 20 1
-15.761368 35.071475 155556.444444444 30.8545454545455 18 1
-15.760946 34.4231 -42685.8857142857 0 35 1
-15.760441 35.045623 199528.368421053 44.0272727272727 19 1
-15.759819 35.146247 -682.625 3.1 32 1
-15.755898 35.081663 175457.294117647 24.7768595041322 17 1
-15.751714 34.515334 -32592.7878787879 0 33 1
-15.750589 35.023092 154567.631578947 46.2727272727273 19 1
-15.747656 34.3784 -52024.8857142857 0 35 1
-15.747313 34.987323 281233 42.5454545454545 16 1
-15.743927 35.772575 -21408.5588235294 0.396694214876033 34 1
-15.733266 35.288688 -26741.3142857143 0 35 1
-15.727151 34.392831 -25207.6176470588 0 34 1
-15.726875 35.215662 -25454.7941176471 0.512396694214876 34 1
-15.721799 35.729105 -10153.1764705882 0.381818181818182 34 1
-15.720742 35.522133 -35213.9375 0 32 1
-15.717746 35.078927 191029.117647059 15.6 17 1
-15.716904 35.215756 -25704.5142857143 0.512396694214876 35 1
-15.714451 34.462888 -46119 0 32 1
-15.710792 35.138304 -25200.8484848485 3.28181818181818 33 1
-15.708474 34.508908 -33736.6129032258 0 31 1
-15.707467 35.732827 -30040.4545454545 0.0495867768595041 33 1
-15.706018 35.138162 -50374.2941176471 3.28181818181818 34 1
-15.705933 35.447881 -7029.0625 0 32 1
-15.704767 35.172419 193547.4 1.65454545454545 15 1
-15.698105 35.46679 -21114.0606060606 0 33 1
-15.689552 34.662317 -25239.6875 0 32 1
-15.687215 35.564425 -25293.7333333333 0 30 1
-15.685218 35.194994 17642.5555555556 1.28181818181818 18 1
-15.677259 35.31503 55684.40625 0 32 1
-15.675958 35.358232 -8352.35294117647 0 34 1
-15.669622 35.26461 -19315.1515151515 0 33 1
-15.665144 35.723938 -27289.40625 0.0495867768595041 32 1
-15.663842 34.515968 -40219.7096774194 0.15702479338843 31 1
-15.659746 35.256065 -11434.4 0 35 1
-15.653211 35.021654 25271.1470588235 9.7 34 1
-15.649521 35.600461 -16847.4117647059 0 34 1
-15.644752 35.168077 -29490.9090909091 0.834710743801653 33 1
-15.643461 35.292684 -26418.4705882353 0 34 1
-15.639787 35.756854 -1042.45161290323 0 31 1
-15.639355 34.465627 -57323.8709677419 1.49586776859504 31 1
-15.634008 35.617573 -37422.3939393939 0 33 1
-15.632941 34.521371 64298.8125 3.03636363636364 32 1
-15.632861 35.705038 -37176.7058823529 0 34 1
-15.629476 34.637349 35787.5142857143 0 35 1
-15.628957 35.105565 -22215 0.7 33 1
-15.619787 35.213376 -8111.30303030303 0 33 1
-15.619493 34.951519 -49141.5172413793 3.18181818181818 29 1
-15.61645 35.81418 -37432.4193548387 0 31 1
-15.614759 35.642432 -14523.7419354839 0 31 1
-15.612111 34.525917 121760.588235294 4.25454545454545 17 1
-15.609632 34.519853 200110 4.61157024793388 20 1
-15.609182 34.507409 164785.588235294 4.92561983471074 17 1
-15.60903 34.497147 -33373.625 5.14876033057851 32 1
-15.608861 34.511797 41744.75 4.92561983471074 32 1
-15.608207 34.505716 -36880.4705882353 4.92561983471074 34 1
-15.600961 34.531792 75916.4736842105 3.73553719008264 19 1
-15.60015 35.55282 -41047.8285714286 0 35 1
-15.592975 35.513953 -55531.0606060606 0 33 1
-15.592187 34.499641 211470.235294118 5.43801652892562 17 1
-15.589046 35.12064 -23497.8387096774 0.472727272727273 31 1
-15.586372 34.526843 -37250.3461538462 4.33884297520661 26 1
-15.586065 35.010053 11173.724137931 2.72727272727273 29 1
-15.582229 34.522176 124350.7 4.33884297520661 20 1
-15.58165 35.079357 -38322.9666666667 0.0545454545454545 30 1
-15.58151 34.475411 158685.34375 5.26446280991736 32 1
-15.576097 35.227641 18198.5333333333 0.727272727272727 30 1
-15.574107 34.512923 235058.294117647 5.10909090909091 17 1
-15.565743 35.815549 -37546.1714285714 0 35 1
-15.562065 35.38786 -25864.53125 0.72 32 1
-15.559185 34.500341 -39737.25 4.05785123966942 32 1
-15.55594 34.481628 -28531.8333333333 4.3801652892562 30 1
-15.549123 34.493156 -27498.5666666667 3.49586776859504 30 1
-15.540056 35.790628 -42661.40625 0 32 1
-15.538927 34.61624 -53923.9696969697 0 33 1
-15.534904 35.306208 -13739.0857142857 0.0991735537190083 35 1
-15.531287 35.341688 -26637.1818181818 0.446280991735537 33 1
-15.528497 35.656953 -41964.2857142857 0 35 1
-15.526761 34.635628 -53060.3125 0 32 1
-15.523783 35.024578 31122.9642857143 2 28 1
-15.521256 34.443942 -38141.84375 0.272727272727273 32 1
-15.520762 35.287714 -12859.6363636364 0.0545454545454545 33 1
-15.519193 35.65168 -64559.7352941177 0 34 1
-15.515306 35.167505 -26032.0857142857 1.69421487603306 35 1
-15.514975 35.45539 -18528.2903225806 0 31 1
-15.513169 35.562044 -46100 0 34 1
-15.492557 35.627558 -32690.3125 0 32 1
-15.491964 34.842117 -41945.7931034483 2.55371900826446 29 1
-15.485628 34.442615 -51095.3235294118 0 34 1
-15.481902 35.263144 26190.9142857143 2.42148760330579 35 1
-15.474445 34.674657 -53330.5 0 34 1
-15.467865 34.647271 -77173.0588235294 0 34 1
-15.461369 34.784118 23060.5161290323 0.487603305785124 31 1
-15.451066 35.344326 -23888.2647058824 3.71074380165289 34 1
-15.439924 34.763217 -48080.3103448276 0 29 1
-15.430655 34.614658 -52162 0.115702479338843 34 1
-15.427026 34.806952 5259.14814814815 1.16528925619835 27 1
-15.425932 34.498833 -50758.275862069 0 29 1
-15.420214 35.571838 -14158.6060606061 0 33 1
-15.418799 34.556791 -19367.4666666667 0 15 1
-15.399161 35.322195 205895.65 17.8181818181818 20 1
-15.397688 34.643035 25751.375 0.214876033057851 16 1
-15.397278 34.667761 -38221.4375 0.214876033057851 32 1
-15.395781 34.640854 166592.3125 0.236363636363636 16 1
-15.395158 35.390683 3429.64516129032 4.31818181818182 31 1
-15.394815 35.581883 -32004.3 0 30 1
-15.393884 35.348221 160923.25 14.3884297520661 20 1
-15.392243 34.669811 -17046.9666666667 0.196969696969697 30 1
-15.390023 35.005366 -40544.7419354839 0 31 1
-15.389239 34.557214 -45538.6428571429 0 28 1
-15.385008 35.465824 -19252.34375 0 32 1
-15.37265 35.368528 72183.25 9.98347107438017 20 1
-15.354761 34.833036 -24007 0 31 1
-15.351952 34.781995 -45029.0769230769 0 26 1
-15.349773 34.928384 6795.43333333333 0 30 1
-15.349759 35.189531 10179.5882352941 0 34 1
-15.347363 34.822559 -56095.1034482759 0 29 1
-15.339192 34.669201 10672.8709677419 0.0909090909090909 31 1
-15.337973 34.975147 -38421.71875 0 32 1
-15.330659 35.432854 -8022.09677419355 0.669421487603306 31 1
-15.32725 35.047437 -21233.5161290323 0 31 1
-15.326298 34.94744 -13263.0909090909 0 33 1
-15.315179 34.684763 -45858.3636363636 0 33 1
-15.307185 35.369328 40890.6538461538 3.43939393939394 26 1
-15.289079 34.869777 -18405.3714285714 0 35 1
-15.288124 34.671793 -15478.34375 0 32 1
-15.282111 35.239086 -34805.6060606061 0 33 1
-15.252782 35.485202 -25577.064516129 0.053030303030303 31 1
-15.250574 35.106676 -38419 0 31 1
-15.240353 35.115665 -41886.28125 0 32 1
-15.234017 34.650638 -73645.1875 0 32 1
-15.229448 35.358448 136220.851851852 2.47692307692308 27 1
-15.209077 35.374741 67774.625 1.81118881118881 32 1
-15.192779 35.438166 -19170.5333333333 0.333333333333333 30 1
-15.187339 35.273602 -17700.0571428571 0.215384615384615 35 1
-15.185867 34.58568 -37691.3428571429 0 35 1
-15.182326 34.711269 -46796.46875 0 32 1
-15.176196 35.494909 -20831.6875 0 32 1
-15.174533 35.100929 -21057.1818181818 0 33 1
-15.15481 34.919509 -19040.6896551724 0 29 1
-15.105269 34.714596 -46317.7419354839 0 31 1
-15.09231 35.253826 -21722.8928571429 3.77922077922078 28 1
-15.087513 35.22768 10020.3529411765 5.38461538461539 17 1
-15.083953 35.09686 -32720 0.0454545454545455 32 1
-15.082348 35.115288 -22966.5185185185 0.405594405594406 27 1
-15.072626 35.212664 231720.578947368 6.1038961038961 19 1
-15.06689 35.491946 -46204.1612903226 0 31 1
-15.06526 34.662515 -18777.1212121212 0 33 1
-15.063255 35.197635 -1560.93939393939 7.15714285714286 33 1
-15.033182 34.961832 64200.34375 2.86363636363636 32 1
-15.019001 35.161644 11021.2058823529 3.62987012987013 34 1
-15.018728 35.059547 -6697.23333333333 0 30 1
-15.013241 35.007723 -38466.8064516129 2.95 31 1
-15.006394 34.896452 -27477.275862069 3.46753246753247 29 1
-14.997879 34.958055 124182.157894737 5.52727272727273 19 1
-14.98013 35.498192 66803.6875 0.963636363636364 32 1
-14.977421 35.504187 -38986.9666666667 1.03246753246753 30 1
-14.977136 35.865341 38057.2333333333 0.2 30 1
-14.97565 34.971036 243119.5 5.81168831168831 20 1
-14.97522 34.960126 160364.526315789 5.46060606060606 19 1
-14.970417 34.953404 43744.1666666667 6 18 1
-14.969028 34.84522 -20990.28125 0.233766233766234 32 1
-14.967918 34.988636 -34928.125 4.57792207792208 32 1
-14.959826 34.927193 28605.5806451613 4.82424242424242 31 1
-14.954231 35.569345 -54303.0588235294 0 34 1
-14.951148 34.95856 60256.9393939394 3.86666666666667 33 1
-14.945878 35.834371 69.84375 0.22 32 1
-14.941762 35.121393 -43654.5172413793 0 29 1
-14.939543 35.21257 -26311.2352941176 0 34 1
-14.929629 35.144286 -27791.3666666667 0 30 1
-14.923964 35.450704 -32434.625 0.16969696969697 32 1
-14.921475 35.0188 -42087.3548387097 0.146666666666667 31 1
-14.91184 34.708748 -2300.2 0 30 1
-14.908016 34.792927 -2025.93939393939 0 33 1
-14.907684 35.020803 -20104.9696969697 0.0340909090909091 33 1
-14.904043 34.953121 -39858.8709677419 0 31 1
-14.89813 35.219905 -37541.5 0.147727272727273 32 1
-14.889089 34.630939 -52048.0294117647 0 34 1
-14.873149 35.634861 -44103.15625 0 32 1
-14.865456 35.808117 -60598.3235294118 0 34 1
-14.864517 34.626238 11555.9090909091 0.931818181818182 33 1
-14.854363 35.208217 -42891.3529411765 1.10588235294118 34 1
-14.85246 35.158063 -35632.96875 1.14973262032086 32 1
-14.851833 35.727507 -43377.4838709677 0 31 1
-14.851152 34.747924 -25851.9428571429 0 35 1
-14.846471 34.861996 -20128.7575757576 0 33 1
-14.844455 35.029615 -35357.3 0 30 1
-14.83061 35.416826 -30039.2258064516 0 31 1
-14.829263 35.693312 -48536.303030303 0 33 1
-14.820609 34.624264 -8030.94444444444 3.94705882352941 18 1
-14.818879 34.626658 190314.611111111 3.74331550802139 18 1
-14.804253 34.607452 218998.470588235 4.45294117647059 17 1
-14.800098 35.398788 -52069.9696969697 0 33 1
-14.792056 35.658162 -11225.1818181818 0 33 1
-14.791538 35.033085 -13789.1875 0 32 1
-14.786126 35.154342 -41666.3 0.54040404040404 30 1
-14.782426 34.686072 -16417.935483871 2.07070707070707 31 1
-14.774027 35.589416 -35538.3939393939 0.0656565656565657 33 1
-14.76651 35.616171 -25467.1935483871 0.129186602870813 31 1
-14.761016 35.076145 -38581.1379310345 0.0574162679425837 29 1
-14.758002 35.341138 -36730.9642857143 0 28 1
-14.755326 34.893754 -30730.9117647059 0 34 1
-14.75152 35.53739 -31215.0606060606 0.343434343434343 33 1
-14.751031 34.840337 -20029.696969697 0 33 1
-14.749349 35.665501 -54380.8666666667 0 30 1
-14.720816 34.751192 -48787.2647058823 0 34 1
-14.711023 35.85026 -50976.3823529412 0 34 1
-14.709783 34.870121 -27892.4857142857 0 35 1
-14.708871 34.673647 28342.9333333333 0 30 1
-14.707693 34.727207 -30755.3636363636 0 33 1
-14.703137 34.53723 -18111.4545454545 0 33 1
-14.698677 34.652727 -16960.3939393939 0 33 1
-14.679472 34.902906 -37984.1290322581 0 31 1
-14.677269 35.588849 1514.06666666667 0.151515151515152 30 1
-14.671093 35.440274 -60507.8064516129 0 31 1
-14.663745 35.110317 -47753.6666666667 0 21 1
-14.663252 35.749959 -28906.9677419355 0 31 1
-14.657839 34.620629 -36632.0625 0 32 1
-14.628586 35.654023 -39452.0303030303 0 33 1
-14.622729 35.16073 -46386.5806451613 0 31 1
-14.611951 35.478202 -48054.9411764706 0 34 1
-14.543216 35.573349 -29776.6571428571 0 35 1
-14.536451 34.576807 -29187.2903225806 0 31 1
-14.534734 35.349057 -36335.6 0.87012987012987 30 1
-14.534616 34.705139 -25161.6470588235 0 34 1
-14.504628 34.500044 -38221.0294117647 0 34 1
-14.503556 34.693769 -25567.8181818182 0 33 1
-14.486737 35.256706 76822.4705882353 3.16451612903226 17 1
-14.485607 35.677324 -57895.0333333333 0 30 1
-14.479435 34.050819 -61978.875 0.078125 32 1
-14.4697 35.261011 95224.3333333333 2.71900826446281 18 1
-14.461103 35.286032 105695.823529412 2.5 17 1
-14.442166 34.471441 -8800.78787878788 0.23989898989899 33 1
-14.441444 35.256648 -26479.1818181818 1.8030303030303 33 1
-14.440667 35.180593 -51352.8965517241 1.8030303030303 29 1
-14.433853 34.738446 -38577.1764705882 0 34 1
-14.433227 33.926142 -47282.8484848485 0 33 1
-14.404305 35.419496 -41959.0606060606 0.165853658536585 33 1
-14.401297 33.717139 -32960.2121212121 0 33 1
-14.399593 34.148079 -49372.2 0.757575757575758 35 1
-14.395407 33.696017 -45669.7575757576 0 33 1
-14.39453 34.341045 89356.25 1.37209302325581 20 1
-14.38429 34.596152 -41342.5142857143 0.0247933884297521 35 1
-14.383 34.179661 -45078.9705882353 1.34090909090909 34 1
-14.377352 35.146564 63263.4411764706 0.50395256916996 34 1
-14.375948 35.460295 -43853.8275862069 0.642292490118577 29 1
-14.375129 34.009887 -52689.9696969697 0 33 1
-14.36806 34.349812 76440 1.25531914893617 19 1
-14.362735 35.039309 -43111.4285714286 0.69375 28 1
-14.358492 35.500162 50470.1612903226 0.656771799628942 31 1
-14.35619 34.345541 -64340.275862069 1.10545454545455 29 1
-14.354916 34.076486 -46074.5714285714 0.094 35 1
-14.337058 34.449045 -14807.6764705882 0.494545454545455 34 1
-14.336646 33.842724 -35196.9117647059 0.0636363636363636 34 1
-14.329468 33.907196 -52318.9696969697 0.187719298245614 33 1
-14.327787 34.17726 -47003.9142857143 0.494417862838915 35 1
-14.324892 35.467585 -58703.8064516129 0.523125996810207 31 1
-14.316463 34.030289 -62493.5428571429 0.240909090909091 35 1
-14.31485 35.311464 7280.8125 1.15350223546945 32 1
-14.306526 34.646139 -49580.696969697 0 33 1
-14.293995 34.468751 17020.3142857143 0 35 1
-14.286905 34.177318 -40844.8888888889 0.220833333333333 27 1
-14.279194 35.044809 -46194.4210526316 0.660526315789474 19 1
-14.260089 33.686721 -53939.1724137931 0.137396694214876 29 1
-14.239135 33.727185 -38942.9411764706 0.132075471698113 34 1
-14.235935 35.022932 -344.4 0.119266055045872 30 1
-14.215286 34.345914 -52430.9677419355 0.033596837944664 31 1
-14.210593 34.168136 -43848.34375 0.119975262832406 32 1
-14.209973 35.406721 -58056.3225806452 0.0116707616707617 31 1
-14.207238 34.08027 -46420.0588235294 0.114521841794569 34 1
-14.199902 34.510435 -41458.7878787879 0 33 1
-14.183679 33.486878 -7836.29032258064 0.0360501567398119 31 1
-14.18117 34.109234 -44293.3333333333 0.0341372912801484 33 1
-14.165891 34.022157 -61184.7777777778 0.0236943907156673 27 1
-14.156013 34.844005 -34457.1034482759 0.0225330225330225 29 1
-14.155618 33.839105 -23875.6666666667 0.0224849777088583 33 1
-14.129968 34.240447 -34730.8 0.0404166666666667 30 1
-14.115872 33.70762 -49438.9642857143 0.125301204819277 28 1
-14.11299 35.213775 -42267.0882352941 0.14404432132964 34 1
-14.112175 34.335866 -54420.7777777778 0.120649651972158 27 1
-14.111233 34.168458 -59660.5882352941 0.159309440559441 34 1
-14.108953 33.522622 -40162.8333333333 0.225619834710744 30 1
-14.106818 34.265538 -50196.6666666667 0.181306017925736 33 1
-14.083402 33.900672 134423.857142857 0.495251017639077 35 1
-14.082067 34.46943 -14145.2666666667 0.653525046382189 30 1
-14.078819 34.911433 160313.482758621 0.163243243243243 29 1
-14.068343 34.03577 -57710.7272727273 1.2466705269253 33 1
-14.0644 33.809233 -39187.9696969697 1.34411226357535 33 1
-14.057153 33.319028 -25084.2121212121 1.92861952861953 33 1
-14.041358 33.692354 337531.15 3.84231697506034 20 1
-14.039988 33.038957 -14193.03125 0.207207207207207 32 1
-14.024641 33.570502 -40227.6666666667 6.01704545454545 30 1
-14.022095 33.764071 51247.1578947368 5.97872340425532 19 1
-14.020511 33.898637 -53574 6.36236559139785 31 1
-14.003666 34.232527 -54594.4705882353 0 34 1
-13.999585 33.781273 419859.8 9.34752589182969 15 1
-13.997067 33.77227 198266.941176471 9.59031877213695 17 1
-13.996334 34.1033 -55140.5 4.02467532467533 34 1
-13.993597 33.782776 205183.55 10.4169696969697 20 1
-13.99346 33.782417 313235.684210526 10.4169696969697 19 1
-13.988833 33.779056 142061.578947368 10.8169191919192 19 1
-13.9859 33.766609 164610.176470588 11.4455825864277 17 1
-13.98526 33.780268 238714.1 11.4033290653009 20 1
-13.984932 33.778536 187253.55 11.4199743918054 20 1
-13.984819 33.781501 179984.95 11.4033290653009 20 1
-13.984771 34.080204 -70199.6774193548 3.76440460947503 31 1
-13.984429 35.272705 -51357.5714285714 0 28 1
-13.983957 33.781943 220558 11.4033290653009 20 1
-13.983059 33.79134 262706.736842105 11.3956466069142 19 1
-13.98223 33.848025 -8912.61111111111 11.5584415584416 18 1
-13.981036 33.792154 157350.35 11.7259552042161 20 1
-13.979173 33.789448 167845.65 12.2338235294118 20 1
-13.977697 33.799278 271815.55 12.0989304812834 20 1
-13.977037 33.788217 193010.2 12.0989304812834 20 1
-13.970099 33.640791 -26612.3333333333 12.7861538461538 30 1
-13.961568 34.499009 -43744.1875 0 32 1
-13.952934 33.284969 4378.88235294118 0.098613251155624 34 1
-13.948613 33.34816 -945.65625 0.10207336523126 32 1
-13.945491 33.220578 -45640.53125 0.0767857142857143 32 1
-13.945236 33.74437 97894.4444444444 13.2678571428571 18 1
-13.940302 34.412805 -40663.7272727273 0 33 1
-13.932722 34.490645 -40621.5172413793 0 29 1
-13.927944 33.147867 -37689.5588235294 0.0104895104895105 34 1
-13.916568 33.768071 49818 12.7439703153989 17 1
-13.908127 33.967737 -52235 5.69052224371373 30 1
-13.904092 35.127594 -42811.8823529412 0 34 1
-13.891826 33.811879 24204.3333333333 10.4814049586777 15 1
-13.889822 33.717127 -29042.6666666667 10.4814049586777 33 1
-13.889609 32.960962 -34804.7352941177 0 34 1
-13.889412 34.414164 -49716.1363636364 0 22 1
-13.872371 34.348874 -19521.21875 0 32 1
-13.856752 33.258129 -21656.037037037 0 27 1
-13.849332 34.521124 -36596.7333333333 0.0334928229665072 30 1
-13.848411 34.474806 -39897.3548387097 0.0343980343980344 31 1
-13.845659 34.523407 -45981.3125 0.0378378378378378 32 1
-13.842155 33.148424 -42216.5625 0.395577395577396 32 1
-13.83672 33.5921 -25391.1764705882 0.818918918918919 34 1
-13.818694 33.013576 -22241.9375 1.40106951871658 32 1
-13.816277 33.109057 -35129.8235294118 0.418181818181818 34 1
-13.809844 33.764957 -25507.1 2.94765840220386 20 1
-13.80055 34.479957 -44164.4516129032 2.05681818181818 31 1
-13.799247 32.898311 197276.1 1.74380165289256 20 1
-13.797314 33.05249 98180.1515151515 0.457386363636364 33 1
-13.796939 33.229093 -48159.7419354839 0.0767045454545455 31 1
-13.792605 32.939756 7496.24242424242 1.91477272727273 33 1
-13.78547 33.843289 -43338.4838709677 2.92961876832845 31 1
-13.784786 34.020141 -44867.1515151515 0 33 1
-13.784634 34.597102 1687.125 0.818181818181818 32 1
-13.779861 32.895784 38335.7647058823 1.94 17 1
-13.776581 34.443639 297609.928571429 1.93841642228739 14 1
-13.774392 34.46282 126703.611111111 2.31212121212121 18 1
-13.768714 33.757479 -49842.7368421053 2.66363636363636 19 1
-13.766513 34.490129 172892.875 2.9 16 1
-13.760503 34.257918 -49333.6206896552 0 29 1
-13.758881 34.446925 152602.8125 2.0282131661442 16 1
-13.753054 32.862986 -5031.48484848485 1.14935064935065 33 1
-13.750423 34.596492 29496.6785714286 1.17857142857143 28 1
-13.736769 33.568515 -20289.2647058824 0.0964285714285714 34 1
-13.736186 34.489605 -28419.0714285714 2.06493506493507 28 1
-13.734144 34.392486 -29531.2121212121 1.34006734006734 33 1
-13.731672 34.407631 -43937.7941176471 1.34006734006734 34 1
-13.728948 33.931976 -40293.5454545455 0.0925925925925926 33 1
-13.725536 34.089856 -43462.0606060606 0 33 1
-13.720826 33.714239 -14450.1034482759 0.925925925925926 29 1
-13.716791 33.071025 -44833.4848484848 0 33 1
-13.712245 32.937852 -40255.8125 0 32 1
-13.700366 34.266836 -44291.2 0 30 1
-13.692594 34.337171 -46186.4838709677 0 31 1
-13.686377 33.09303 -24444 0 28 1
-13.680312 34.258114 -30763.2 0 30 1
-13.679584 33.506425 -29100.4516129032 0.491666666666667 31 1
-13.677802 35.017282 -40362.7575757576 0 33 1
-13.674976 33.776269 -29846.0303030303 0.268939393939394 33 1
-13.658532 33.959803 -31118.0909090909 0.529644268774704 33 1
-13.654845 33.411528 -28537.90625 0 32 1
-13.654018 33.863054 -21813.1875 0.716666666666667 32 1
-13.641961 33.829637 -55729.2068965517 0.487603305785124 29 1
-13.640444 33.749202 -17026.1212121212 0.280632411067194 33 1
-13.639941 33.286977 -24581.75 0 32 1
-13.638889 33.785676 -45661.0344827586 0.293388429752066 29 1
-13.635627 33.963022 -49798.1034482759 0.553719008264463 29 1
-13.635456 33.634148 -42762 0.0988142292490119 31 1
-13.631171 33.198562 -46000.7586206897 0 29 1
-13.619965 32.945443 -56097.3235294118 0 34 1
-13.602542 33.175677 -28968.3333333333 0.359307359307359 30 1
-13.592379 34.299032 -43997.696969697 0 33 1
-13.591869 33.568937 -37754.3714285714 0.121212121212121 35 1
-13.591672 34.494893 -52165.40625 0 32 1
-13.58594 32.903448 -43320.6071428571 0 28 1
-13.585878 34.179026 -66510.8064516129 0 31 1
-13.578954 34.379411 -60159.3548387097 0 31 1
-13.576137 34.315999 -11492.6551724138 0 29 1
-13.571579 33.075901 -56562 0.525 30 1
-13.561424 33.617885 -27171.9 0.122727272727273 30 1
-13.546961 33.75476 -10624.7058823529 2.75909090909091 34 1
-13.546579 33.147096 -16024.0333333333 1.32 30 1
-13.545216 33.742455 -19011.5882352941 3.09473684210526 17 1
-13.527307 34.269707 -48877.3225806452 0 31 1
-13.524827 34.000781 -60986.7586206897 0 29 1
-13.521142 33.336302 -13496.8 0.0388888888888889 30 1
-13.514457 33.738904 101204.8125 2.95959595959596 16 1
-13.506322 34.3564 -49204.8709677419 0 31 1
-13.496197 32.897181 -29634.4516129032 0 31 1
-13.493166 33.926406 16682 0 27 1
-13.48895 33.261896 -20410.7419354839 0.525252525252525 31 1
-13.4854 34.358971 -48713.5416666667 0 24 1
-13.474853 32.969553 -47781.6666666667 0 30 1
-13.467281 33.889144 -33820.2058823529 0 34 1
-13.464985 33.603023 19795.6666666667 1.53030303030303 27 1
-13.461508 34.043544 -50979.0967741935 0 31 1
-13.452774 33.44738 -45402.6176470588 0.695187165775401 34 1
-13.446151 34.004705 -47890.9696969697 0 33 1
-13.443875 33.741623 -22789.3333333333 0 27 1
-13.442482 33.547884 -10902.1739130435 2.03743315508021 23 1
-13.438281 34.244797 -32422.6875 0 32 1
-13.435848 32.945216 -26533 0 32 1
-13.435793 33.824132 -11303.2121212121 0 33 1
-13.433703 34.11811 -52101.4137931034 0 29 1
-13.427654 33.942495 -38928.2727272727 0 33 1
-13.420401 34.013672 -1589.24137931034 0 29 1
-13.416549 33.748653 -36298.5625 0 32 1
-13.397305 33.79595 -42534.71875 0 32 1
-13.396792 34.042983 -48258.3225806452 0 31 1
-13.396204 33.868644 -36023.2058823529 0.85 34 1
-13.39595 34.285905 -38178.09375 0 32 1
-13.393405 33.795731 -47098.8484848485 0 33 1
-13.383207 33.995762 163689.529411765 0.107954545454545 17 1
-13.377438 33.343516 -20782.2121212121 1.0625 33 1
-13.369448 33.917313 20625.5142857143 1.99393939393939 35 1
-13.368251 33.560466 -11228.5161290323 1.16477272727273 31 1
-13.36547 33.56652 -24205.6363636364 1.24242424242424 22 1
-13.359777 34.003304 146827.684210526 0 19 1
-13.358386 33.840889 -15665.8285714286 0.757575757575758 35 1
-13.348643 33.048117 3.90322580645161 0 31 1
-13.340473 34.081096 -32458.5806451613 0 31 1
-13.337461 33.243578 -28541.5294117647 0 34 1
-13.30512 33.807943 -48316.5151515152 0 33 1
-13.303432 34.03163 -34009.1818181818 0 33 1
-13.291454 34.116022 -36481.303030303 0 33 1
-13.288517 33.497789 21959.1379310345 0.720779220779221 29 1
-13.278332 33.679527 -44846.1666666667 0.45 30 1
-13.270992 33.742021 -34907.1714285714 0.366666666666667 35 1
-13.266746 33.883214 -38242.6296296296 0 27 1
-13.261211 34.246823 -42411.3225806452 0 31 1
-13.25861 33.969912 -38753 0 27 1
-13.244865 33.9152 -18534.5 0.201298701298701 30 1
-13.237026 33.452326 -6035.38709677419 1.57142857142857 31 1
-13.223602 34.291677 -7279.90625 0 32 1
-13.214752 34.123924 -27147.1379310345 0 29 1
-13.213528 33.909486 -36767.0333333333 0.216783216783217 30 1
-13.208815 34.321428 -47643.9393939394 0 33 1
-13.19905 34.016209 -55657.4642857143 0 28 1
-13.195127 33.629457 -17709.0666666667 0.05 30 1
-13.188605 33.848411 -50950.6875 0.958041958041958 32 1
-13.181027 34.251711 -45425.8333333333 0 30 1
-13.174095 33.372175 -20619.3793103448 0 29 1
-13.1735 33.723136 -40682.0967741935 0 31 1
-13.168991 33.801579 -27042.8529411765 1.4965034965035 34 1
-13.138971 34.250389 -21723.4666666667 0 30 1
-13.119584 33.925229 -56562.5666666667 0 30 1
-13.113135 34.328788 -15498.0294117647 0 34 1
-13.11139 33.524481 -2943.12121212121 0.552447552447552 33 1
-13.108899 33.414496 8810.25806451613 0.111888111888112 31 1
-13.107431 33.847306 -34863.0294117647 1.24242424242424 34 1
-13.102388 33.726701 10122.4137931034 0 29 1
-13.052931 33.453517 108809.2 7.25757575757576 20 1
-13.038463 33.515511 123934.111111111 7.18181818181818 18 1
-13.026957 33.475798 31256.2631578947 8.93181818181818 19 1
-13.023036 34.317982 -49648.3225806452 0 31 1
-13.019296 33.705659 -15631.5483870968 1.56818181818182 31 1
-13.001218 33.435216 -24260.3666666667 4.46969696969697 30 1
-12.993962 33.60439 3369.24137931034 0.560606060606061 29 1
-12.991891 34.190819 -41769 0 30 1
-12.98034 34.28734 -39363.4333333333 0.863636363636364 30 1
-12.964354 33.85694 -28223.0333333333 0 30 1
-12.952568 33.802491 -37403.2580645161 0.515151515151515 31 1
-12.949855 33.484641 1816.45454545455 0.371900826446281 33 1
-12.934051 34.288468 240020 4.53787878787879 19 1
-12.923056 34.287659 2039.21052631579 4.53787878787879 19 1
-12.922565 34.286586 126237.823529412 4.53787878787879 17 1
-12.904637 34.291107 43771.95 4.80909090909091 20 1
-12.887961 33.9094 -47087.4230769231 0 26 1
-12.87423 34.261632 -26408.25 2.06818181818182 28 1
-12.854364 34.206276 -42180.0294117647 0 34 1
-12.839113 33.361697 -22540.4705882353 0 34 1
-12.824842 33.791937 -19145.5416666667 0 24 1
-12.802948 33.632222 -23770.5588235294 0 34 1
-12.798342 33.530916 -24859.65625 0 32 1
-12.782567 34.226498 -35183.6428571429 0 28 1
-12.703222 34.171467 11927.9677419355 0 31 1
-12.667715 33.276712 -40411.7272727273 0 33 1
-12.640106 33.49307 9419.5625 0.0495867768595041 32 1
-12.596036 33.428215 186824.55 0 20 1
-12.58814 34.155226 -19923.1034482759 0 29 1
-12.586564 33.641953 -6831.16129032258 0 31 1
-12.524018 33.509203 103719.290322581 0.59504132231405 31 1
-12.499181 34.14096 103687.888888889 3.64462809917355 36 1
-12.469382 34.149331 107665.228571429 2.32231404958678 35 1
-12.432224 34.057077 -30701.5882352941 0.115702479338843 34 1
-12.429858 33.643475 -25295.2285714286 0 35 1
-12.425113 33.832464 -2788.46875 0 32 1
-12.423106 34.136086 88802.3823529412 0 34 1
-12.399259 34.126558 -56443.2413793103 0 29 1
-12.336979 33.383647 -39906.9090909091 0 33 1
-12.319353 33.553436 86366 0.925619834710744 32 1
-12.307006 33.791199 -47849.7741935484 0 31 1
-12.252913 34.012915 -11283.935483871 0 31 1
-12.216404 33.386869 10983 0 35 1
-12.175683 33.719514 -34864.6451612903 0 31 1
-12.035921 33.386929 -41640.6 0 35 1
-11.987692 34.052548 -12245.8787878788 0 33 1
-11.952365 34.113484 12338.1379310345 0 29 1
-11.940675 33.323077 -34952.4848484848 0 33 1
-11.936814 34.124249 16803.15625 0 32 1
-11.915319 33.600311 126102.25 5.6013986013986 20 1
-11.901844 33.599911 112326.75 5.74825174825175 20 1
-11.900851 33.609384 58306.5294117647 5.74825174825175 17 1
-11.900361 33.596829 190593.684210526 5.33766233766234 19 1
-11.899704 33.60205 104756 5.33766233766234 19 1
-11.894767 33.599746 213604.894736842 5.74825174825175 19 1
-11.894274 33.602708 238489.95 5.33766233766234 20 1
-11.891043 33.595456 61833.5789473684 5.33766233766234 19 1
-11.890321 33.584783 102573.736842105 5.33766233766234 19 1
-11.855164 34.100813 59157.9677419355 0.866666666666667 31 1
-11.854596 33.53633 -19936.9142857143 1.96428571428571 35 1
-11.846784 33.852408 -32970.4137931034 0 29 1
-11.80202 34.150364 29150.3928571429 1.07272727272727 28 1
-11.795507 33.47532 14264.4117647059 0 34 1
-11.790041 33.760468 39633.5666666667 0 30 1
-11.766855 34.234409 19838.4848484848 0 33 1
-11.758936 33.937821 -3243.51724137931 0 29 1
-11.706768 34.235928 -4126.27272727273 0 33 1
-11.683046 34.152954 9575.84375 0 32 1
-11.681093 34.250683 57145.4375 0 32 1
-11.669062 33.546868 -3124.09090909091 0 33 1
-11.662442 34.3013 16286.7419354839 0.429411764705882 31 1
-11.651809 34.110933 21534.9393939394 0 33 1
-11.610125 34.283566 86748.9375 1.88038277511962 16 1
-11.604407 34.265318 138733.75 2.06842105263158 16 1
-11.595089 34.269314 15703.3103448276 2.06842105263158 29 1
-11.589754 34.126477 -11986.9696969697 0 33 1
-11.578799 34.258093 4315.51612903226 1.68421052631579 31 1
-11.573169 34.036848 19462.0714285714 0 28 1
-11.569722 33.750424 26179.7352941176 0 34 1
-11.568847 34.183983 5867.90909090909 0.363636363636364 33 1
-11.550966 33.515586 -42462.2857142857 0 35 1
-11.532913 34.018361 11209.4193548387 0.523809523809524 31 1
-11.523221 34.151666 21699.6875 0 32 1
-11.46417 33.436221 21149.7575757576 0.314393939393939 33 1
-11.433527 33.732414 -1743.77777777778 0 27 1
-11.412295 34.187247 12936.1714285714 0 35 1
-11.407667 33.475813 -15563.9375 0.235690235690236 32 1
-11.393421 34.132295 -9332.74074074074 0.970779220779221 27 1
-11.370315 34.203712 -1287.48484848485 0 33 1
-11.352351 33.907486 156526.8 1.75659824046921 30 1
-11.316547 33.986734 23457.962962963 0.478609625668449 27 1
-11.26026 33.667261 -3334.85294117647 0.248337028824834 34 1
-11.231861 34.194388 -11451.46875 0 32 1
-11.196974 33.89757 5748.90625 0.0538720538720539 32 1
-11.152635 33.664806 183.6 0.1133069828722 30 1
-11.108644 33.911636 4848.81818181818 0.0511363636363636 33 1
-11.082509 33.687683 2275.38709677419 0.0513196480938416 31 1
-11.062427 33.590948 -4129.67741935484 0.135403726708075 31 1
-11.021713 33.848407 110390.5 0.166233766233766 16 1
-11.01444 33.861828 180344.055555556 0.136558720249707 18 1
-11.012961 33.856732 80738.6666666667 0.145833333333333 18 1
-11.012354 33.859211 117067.111111111 0.145833333333333 18 1
-11.01144 33.848208 70742.1666666667 0.144507575757576 18 1
-11.0113 33.773235 45564.875 0.144507575757576 32 1
-11.008322 34.073125 -3783.96875 0.144507575757576 32 1
-11.006895 33.811988 38185.4 0.144507575757576 25 1
-10.994296 33.682753 20843.6451612903 0.152272727272727 31 1
-10.985086 33.559808 7666.86666666667 0.149242424242424 30 1
-10.980904 33.97938 51544.7647058823 0.149242424242424 34 1
-10.946246 33.76112 65557.03125 0.130733944954128 32 1
-10.937444 34.21082 13039.5454545455 0.182795698924731 33 1
-10.925035 33.630649 22617.8484848485 0.103386809269162 33 1
-10.912241 34.107519 27456.5555555556 0.0914728682170543 27 1
-10.881389 33.968456 25318.03125 0.0746411483253589 32 1
-10.869925 33.999672 43259.0909090909 0.0104651162790698 33 1
-10.862129 34.015859 9117.875 0 32 1
-10.857656 33.761553 -801.823529411765 0 34 1
-10.856169 33.385947 -35348.3125 0 32 1
-10.828906 33.544584 5145.66666666667 0 27 1
-10.804124 33.500263 -19608.3823529412 0 34 1
-10.769841 34.198534 73366.2857142857 0 35 1
-10.731628 34.045348 36345.2 0 30 1
-10.717185 34.184249 23788.6363636364 0 33 1
-10.679696 34.098057 -12076.6785714286 0 28 1
-10.592234 34.164035 5497.72727272727 0.159090909090909 33 1
-10.546602 34.20386 13972.0333333333 0 30 1
-10.483504 34.185008 -1767.92857142857 0.40495867768595 28 1
-10.475024 34.183006 19212 0.688311688311688 29 1
-10.446276 34.212788 129774.3 1.005 30 1
-10.420592 34.179634 -16661.4642857143 1.045 28 1
-10.419464 33.669728 -39972.5294117647 0 34 1
-10.331965 33.573191 -12379.6129032258 0 31 1
-10.295416 34.123649 -29214.7352941176 0 34 1
-10.274304 33.557759 -35754.1818181818 0 33 1
-10.269614 34.086991 -15245.6666666667 0 30 1
-10.223523 34.063664 -15709.8787878788 0 33 1
-10.166863 33.689773 -50448.0625 0 32 1
-10.14083 33.993201 -34796.09375 0 32 1
-10.135672 33.585831 -52403.6153846154 0 26 1
-10.100007 33.498448 -52436.4705882353 0 34 1
-10.062124 33.939962 2281.44827586207 0 29 1
-10.060179 33.709099 -31258.5454545455 0.797202797202797 11 1
-9.946898 33.400261 -10053.1333333333 0 30 1
-9.944994 33.939615 75595.1666666667 5.91666666666667 18 1
-9.94123 33.939792 14656.2222222222 5.51515151515152 18 1
-9.937509 33.928131 -7566.63157894737 6.375 19 1
-9.937434 33.926082 88799.5263157895 6.20769230769231 19 1
-9.927102 33.936633 38399.875 5.06060606060606 16 1
-9.926012 33.934398 158740.631578947 5.05594405594406 19 1
-9.92371 33.840818 -35753.4137931034 1.57342657342657 29 1
-9.92285 33.882858 116812.388888889 5.1958041958042 18 1
-9.888588 33.915408 -40058.3 2.91666666666667 30 1
-9.855301 33.834807 -15811.7586206897 0 29 1
-9.851249 33.854763 -58829.3333333333 0 33 1
-9.837731 33.421068 -2553.06060606061 0 33 1
-9.818749 33.564404 -23762.4242424242 0 33 1
-9.79167 33.886616 -22007.8529411765 0 34 1
-9.790185 33.843066 -13596.40625 0 32 1
-9.784003 33.455222 -26922.8709677419 0.242424242424242 31 1
-9.767058 33.861498 -19814.34375 0 32 1
-9.753827 33.3531 -6441.84375 0 32 1
-9.742625 33.334989 -6488.375 0.0991735537190083 32 1
-9.738693 33.866773 57219.9393939394 0 33 1
-9.71991 33.283308 -18088.0857142857 2.98347107438017 35 1
-9.716302 33.869103 1643.64705882353 0 34 1
-9.704379 33.276363 145342.736842105 3.57272727272727 19 1
-9.700849 33.268808 108628.466666667 3.29752066115702 15 1
-9.700792 33.284174 85952.2 2.98347107438017 15 1
-9.698208 33.274507 38012.6470588235 3.24793388429752 17 1
-9.691407 33.871781 -26907.3548387097 0 31 1
-9.676896 33.27914 4193.23529411765 2.75 34 1
-9.673303 33.535019 -30145.5483870968 0 31 1
-9.658931 33.809039 -26193.9333333333 0 30 1
-9.653255 33.50077 -18197.2352941176 0 34 1
-9.65023 33.785014 -14950.7407407407 0 27 1
-9.649402 33.388282 26796.8333333333 0 36 1
-9.644865 33.402977 -36394.724137931 0 29 1
-9.591525 33.308193 -33775.2941176471 0 34 1
-9.590638 33.263515 -27503.4242424242 0 33 1
-9.57213 33.073945 -3454.88888888889 0 27 1
-9.508737 33.302022 3137.40625 0 32 1
-9.508688 33.17032 16289.2121212121 0 33 1
-9.505868 33.182102 -49010.5142857143 0 35 1
-9.425265 32.993613 -9247.78787878788 0 33 1
