"lat" "lon" "wealthscore" "nl" "n" "sample"
4.290337 6.094226 -28697.1777777778 1.14685314685315 45 1
4.310359 6.190186 14090.6888888889 2.82154882154882 45 1
4.329421 6.035831 40085.3333333333 8.88275862068966 45 1
4.336703 6.259251 67029.4666666667 2.85862068965517 45 1
4.398368 7.16063 139443.511111111 22.812987012987 45 1
4.478648 7.496496 -70570.8444444444 6.8 45 1
4.482022 7.128664 24389.7333333333 15.657196969697 45 1
4.488672 7.163978 -86035.6222222222 14.7935606060606 45 1
4.534514 6.392616 93423.9777777778 9.46199701937407 45 1
4.53797 7.260129 -64446.0888888889 9.75967741935484 45 1
4.593376 5.668155 32377.4222222222 2.94805194805195 45 1
4.595597 7.720882 1192.90243902439 14.4065217391304 41 1
4.613304 8.036169 18844.2558139535 11.3275229357798 43 1
4.652164 7.935231 103445.933333333 6.75317420010157 45 1
4.652708 7.964213 60967.7333333333 6.45605223505776 45 1
4.665988 7.915869 102431.3 6.68864611783067 40 1
4.666389 8.113456 -26982.0465116279 5.45221445221445 43 1
4.684547 7.299867 32290.6444444444 7.83321587972751 45 1
4.687263 6.318596 52758.6222222222 6.82890442890443 45 1
4.703456 8.010666 -21300.1219512195 2.32725766362883 41 1
4.707788 7.293326 46594.6444444444 1.92734775540828 45 1
4.710534 8.273757 -54506.3023255814 1.92734775540828 43 1
4.711195 6.039983 56494.8 1.92734775540828 45 1
4.72675 6.869859 74685.2444444444 3.556 45 1
4.730406 7.449204 -19786.9302325581 4.45059948398847 43 1
4.731881 6.77287 102202.866666667 4.8078250863061 45 1
4.738061 7.436819 -33773.6222222222 6.16047619047619 45 1
4.758095 5.977875 -2125.84444444444 5.40716486902928 45 1
4.763969 7.033651 124283.386363636 9.87472814267073 44 1
4.767857 6.150217 12730.7333333333 6.80792540792541 45 1
4.782493 8.179391 -22077 1.72963400236128 43 1
4.784003 7.156231 102108.139534884 12.4449127031908 43 1
4.785544 6.314492 92684.5333333333 8.12714987714988 45 1
4.79089 7.121383 115596.875 13.8702239789196 40 1
4.804074 6.974081 215616.025641026 17.1794871794872 39 1
4.806625 7.004798 158248.236842105 17.8931419457735 38 1
4.82671 8.226735 37735.8780487805 2.31196172248804 41 1
4.830457 6.317071 77194.1777777778 9.58041958041958 45 1
4.840835 7.894641 -13456.5348837209 3.0021645021645 43 1
4.859032 7.997767 -6888.8 3.35012285012285 45 1
4.860163 7.039834 182373.179487179 28.2552926525529 39 1
4.866164 5.814328 18527.5111111111 18.7883116883117 45 1
4.882177 8.425215 -7625.88636363636 0.952380952380952 44 1
4.884884 8.470668 6269.32558139535 0.958944281524927 43 1
4.889928 6.664562 16185.2222222222 7.47391952309985 45 1
4.892007 7.356866 67814.3170731707 12.2257575757576 41 1
4.893463 5.735603 53962.5333333333 19.9727272727273 45 1
4.896903 7.131717 121307.866666667 28.7318952234206 45 1
4.922969 7.599793 -9647.97368421053 1.76470588235294 38 1
4.923228 8.328329 95988.425 4.54020979020979 40 1
4.933343 7.885077 -14872.0476190476 5.8404452690167 42 1
4.95931 5.631937 -7193.33333333333 14.1652892561983 45 1
4.968501 8.339671 116162.466666667 9.74207188160677 45 1
5.00182 6.362631 146382.8 22.9760765550239 45 1
5.011625 5.81876 -33540.4545454545 10.0783783783784 44 1
5.015734 7.922837 147277.731707317 21.5252525252525 41 1
5.029461 7.88952 81471.0476190476 23.5085714285714 42 1
5.03532 7.964703 105279.465116279 21.4893048128342 43 1
5.039228 7.743902 23962.1363636364 8.40374331550802 44 1
5.043298 6.393028 139269.422222222 27.8898071625344 45 1
5.070138 6.727293 72458.3111111111 12.1483870967742 45 1
5.071501 5.863852 -2841.82222222222 1.95666666666667 45 1
5.082277 7.369537 114746.829268293 16.5121212121212 41 1
5.085017 7.370816 144196.318181818 16.5121212121212 44 1
5.09602 7.966481 40431.4166666667 10.1620689655172 36 1
5.100968 7.347212 147973.911111111 20.4058441558442 45 1
5.119204 6.658712 6410.08888888889 18.9225589225589 45 1
5.124671 7.358141 155889.139534884 22.3299663299663 43 1
5.131645 7.562385 -16252.7777777778 4.23776223776224 45 1
5.132397 5.922074 9746.66666666667 1.36363636363636 45 1
5.155016 6.573446 2288.02222222222 31.668 45 1
5.161451 8.310817 -47209.0243902439 0.730909090909091 41 1
5.162668 7.393923 38655.380952381 17.268 42 1
5.167839 7.252561 3286.13333333333 9.89393939393939 45 1
5.167982 8.154067 13547.3 0.534090909090909 40 1
5.168308 6.514566 19549.2727272727 28.655303030303 44 1
5.168889 5.931465 67430.8666666667 1.73818181818182 45 1
5.185092 7.71528 83314.2666666667 8.12121212121212 45 1
5.188465 7.844778 -12245.3409090909 5.45075757575758 44 1
5.201542 7.598517 -16833.3555555556 2.88142292490119 45 1
5.21344 6.528436 52287.9777777778 30.8512396694215 45 1
5.229959 6.195732 93300.7333333333 4 45 1
5.253494 6.520343 70154.1555555556 27.3238095238095 45 1
5.271364 7.95072 12019.6052631579 0.966666666666667 38 1
5.272074 7.302021 18196.2727272727 4.79090909090909 44 1
5.310964 7.808506 -38085.1621621622 0.200956937799043 37 1
5.313626 5.788037 -11679.6222222222 4.27751196172249 45 1
5.317823 7.459297 47376.25 5.10526315789474 40 1
5.318052 8.587127 34293.6888888889 0 45 1
5.324094 5.800796 -24288.7555555556 5.08612440191388 45 1
5.347705 5.866577 20272.8444444444 9.72727272727273 45 1
5.350739 8.324381 14914.8888888889 3.33838383838384 45 1
5.353119 5.386393 77322.7777777778 12.7272727272727 45 1
5.358943 5.704635 -10447.6888888889 3.38888888888889 45 1
5.378015 6.793277 -8594.17777777778 12.3048128342246 45 1
5.382238 5.781858 14819.1777777778 10.0588235294118 45 1
5.385009 7.32969 47245.0277777778 4.84343434343434 36 1
5.406518 7.12948 53987.3488372093 7.80113636363636 43 1
5.413404 7.423153 26887.5777777778 6.97058823529412 45 1
5.425368 7.119244 76301.8666666667 8.9375 45 1
5.437981 7.884078 -23173.9333333333 0.811764705882353 45 1
5.441854 7.257946 37809.3414634146 7.18181818181818 41 1
5.445797 5.470353 -63885.0222222222 3.26875 45 1
5.447629 7.146526 79769.2619047619 8.96022727272727 42 1
5.45143 7.492928 66520 7.36931818181818 45 1
5.46757 7.515657 66273.1555555556 8.56969696969697 45 1
5.468735 6.070703 13414.4666666667 15.3011363636364 45 1
5.491979 7.227432 67628.4864864865 8.45454545454546 37 1
5.502465 7.890522 -36485.2222222222 0 45 1
5.502847 7.013101 103352.8 27.5113636363636 40 1
5.522333 5.764908 147177.444444444 46.3757575757576 45 1
5.524991 5.78509 131512.444444444 43.8 45 1
5.525665 7.618499 -51546.8666666667 0.278787878787879 45 1
5.528416 7.374866 54562.7333333333 8.86666666666667 45 1
5.529132 7.12154 50528.8947368421 10.2214285714286 38 1
5.533006 7.491078 138797.818181818 16.3030303030303 44 1
5.549492 6.077196 84736.7555555556 13.7662337662338 45 1
5.563079 7.847086 2512.75555555556 0.357142857142857 45 1
5.569454 7.30204 24402.7111111111 9.61688311688312 45 1
5.587919 5.977939 70631.5333333333 11.5 45 1
5.600442 7.255178 10280.2162162162 7.61688311688312 37 1
5.606702 7.15032 69445.3777777778 7.93706293706294 45 1
5.609557 6.774939 -96639.3636363636 37.7972027972028 44 1
5.612769 6.945487 40917.6818181818 9.59285714285714 44 1
5.62492 7.590855 12727.2 1.41958041958042 45 1
5.634796 7.553911 30260.8888888889 1.77922077922078 45 1
5.646947 7.836451 65158.7333333333 3.1038961038961 45 1
5.652176 7.295176 39205.7804878049 6.57792207792208 41 1
5.717542 7.471874 13931.1555555556 1.97902097902098 45 1
5.727279 5.753006 25299.2444444444 7.39393939393939 45 1
5.737478 7.768628 3260.82222222222 1.06153846153846 45 1
5.74557 8.198888 -26408.1282051282 0 39 1
5.75003 6.921899 18746.2888888889 8.36363636363636 45 1
5.755592 6.885817 54458.6888888889 8.92424242424242 45 1
5.757782 7.173965 37253.0263157895 5.03496503496504 38 1
5.770023 6.959956 12072.8444444444 7.76666666666667 45 1
5.791067 8.059671 52727.6666666667 2.09090909090909 45 1
5.796734 6.868079 75222.8666666667 8.175 45 1
5.804532 7.289973 -1325.90243902439 1.525 41 1
5.812998 6.951023 49450.2926829268 7.95 41 1
5.817813 7.168341 -1063.83333333333 2.90909090909091 42 1
5.821662 7.029831 88286.0222222222 9.45 45 1
5.829083 5.829137 -26969.3636363636 7.54166666666667 44 1
5.829562 8.412643 -49926.4418604651 0 43 1
5.836603 7.561155 -52062.1555555556 0 45 1
5.848891 6.136667 136549.244444444 16.3333333333333 45 1
5.86364 6.840765 39819.3409090909 8.36363636363636 44 1
5.881247 7.926277 59745.5 3.78030303030303 44 1
5.88853 7.08011 12008 8.09848484848485 41 1
5.900629 5.664856 122495.822222222 45.6363636363636 45 1
5.910192 8.092837 -18946.8571428571 0.289256198347107 42 1
5.92299 7.88038 -6080.2 2.23484848484848 45 1
5.92388 7.726977 -59843.275 0.388429752066116 40 1
5.936639 5.651535 70794.4444444444 41.4454545454545 45 1
5.939873 8.850426 -56315.8378378378 0 37 1
5.943781 4.970736 -18570.9333333333 24.7121212121212 45 1
5.953987 7.083569 65261.0222222222 9.72727272727273 45 1
5.961636 7.557885 -7980.55555555556 3.56363636363636 45 1
5.963952 7.233974 88566.1111111111 3.52892561983471 45 1
5.986337 8.736251 61877.3243243243 3.47107438016529 37 1
5.992658 6.740741 37178.8461538462 3.09917355371901 39 1
6.011438 7.086194 107824.857142857 11.702479338843 42 1
6.011558 7.79328 -34889.2222222222 1.05785123966942 45 1
6.027987 6.94424 100368.627906977 16.1735537190083 43 1
6.028328 6.962906 61279.358974359 14.5083333333333 39 1
6.028659 6.831817 53215.5111111111 10.1909090909091 45 1
6.028783 7.093512 100512.955555556 11.9454545454545 45 1
6.029597 8.872977 23246.2195121951 0 41 1
6.049313 7.751943 -19288.9545454545 0.859504132231405 44 1
6.075453 7.835072 -58405.7906976744 0.793388429752066 43 1
6.077157 4.916499 -81068.9333333333 2.41322314049587 45 1
6.086284 7.071176 44405.8571428571 11.297520661157 42 1
6.092781 7.047625 64919.2444444444 12.2396694214876 45 1
6.098491 6.173061 4884.6 3.54545454545455 45 1
6.113286 6.785989 101135.268292683 27.9090909090909 41 1
6.113871 8.219959 -86689.4545454545 0 44 1
6.119628 6.922108 46557.1025641026 11.0495867768595 39 1
6.123768 8.097767 -74987 0 37 1
6.125348 6.793297 180012.682926829 32.7190082644628 41 1
6.12839 6.746714 -5630.6 23.7272727272727 45 1
6.140305 6.943878 67568.7096774193 11.4380165289256 31 1
6.14198 6.84193 121227.80952381 27.0165289256198 42 1
6.149953 6.797823 134271.555555556 35.8677685950413 45 1
6.151128 7.418385 35045.2222222222 1.23140495867769 45 1
6.152352 7.36851 60868.9069767442 4.56198347107438 43 1
6.166097 7.953141 -77924.756097561 0 41 1
6.17057 4.787601 7715.71794871795 0.68 39 1
6.183286 8.368608 -61662.5714285714 0 42 1
6.183648 7.056912 94734.1136363636 16.4545454545455 44 1
6.190728 4.864858 -77944.6590909091 0 44 1
6.195095 6.943833 77384.0512820513 11.7545454545455 39 1
6.204235 7.848501 -44741.35 0.154545454545455 40 1
6.208886 5.43514 -72774.4418604651 7.50413223140496 43 1
6.222609 7.426635 33034 2.28925619834711 43 1
6.223327 8.173345 -75189.5909090909 0 44 1
6.224314 8.322529 -60826.7142857143 0 42 1
6.224367 7.740757 -45594.8857142857 0 35 1
6.224442 8.367934 -73789.7209302326 0 43 1
6.266207 6.187649 137861.244444444 11.1 45 1
6.288427 5.689869 87425.4736842105 21.8264462809917 38 1
6.300623 6.004428 67489.4222222222 3.02727272727273 45 1
6.31111 6.483406 88970.6590909091 4.14876033057851 44 1
6.322981 6.416071 62253.5 2.89256198347107 44 1
6.327319 5.662666 86188.5952380952 44.8181818181818 42 1
6.329108 5.578549 127680.177777778 46.16 45 1
6.334288 8.079278 87035.9333333333 15.8090909090909 45 1
6.33458 6.841394 14454.0882352941 3.24793388429752 34 1
6.338483 7.479266 39755.7727272727 11.1272727272727 44 1
6.338824 5.594767 131977.613636364 49.900826446281 44 1
6.348133 4.965202 -68746.8409090909 0 44 1
6.353044 5.581832 86743.1777777778 44.9338842975207 45 1
6.36022 7.681869 -44762.9772727273 1.18181818181818 44 1
6.361278 5.58518 91196.3023255814 42.9256198347107 43 1
6.376401 7.958686 -62139.5897435897 3.75206611570248 39 1
6.379455 5.628859 108980.911111111 43.6 45 1
6.384846 7.474166 90946.3023255814 19.1818181818182 43 1
6.38605 5.615041 119306.933333333 41.2809917355372 45 1
6.387544 8.386034 -72661.2666666667 0 45 1
6.396613 7.917805 -39708.2093023256 3.26363636363636 43 1
6.401897 7.934859 12997.1578947368 4.32231404958678 38 1
6.435024 7.518791 151927 41.2314049586777 39 1
6.438933 3.456276 153262.976744186 47.2231404958678 43 1
6.442368 7.78912 -33530.4705882353 0.743801652892562 34 1
6.442639 8.931405 -18003.4473684211 0 38 1
6.442687 3.336106 127302.933333333 50.5289256198347 45 1
6.445026 3.88153 69554.7555555556 3.22727272727273 45 1
6.447588 3.251606 209259.136363636 35.6528925619835 44 1
6.452499 3.212518 135058.744186047 30.3363636363636 43 1
6.456492 7.539912 177259.181818182 36.495867768595 44 1
6.459342 3.348361 126148.522727273 59.7355371900826 44 1
6.461548 3.390604 73152.7111111111 57.9752066115703 45 1
6.463513 3.352559 112999.133333333 61.7768595041322 45 1
6.463712 8.95124 -21734.5 0 40 1
6.464136 7.190254 16243.3409090909 0 44 1
6.470467 3.343744 114357.377777778 62.5090909090909 45 1
6.471128 7.571541 144671.488888889 22.1818181818182 45 1
6.472924 3.16322 133858.363636364 35.4132231404959 44 1
6.475143 3.368449 82611.6428571429 61.7603305785124 42 1
6.477779 7.509966 89068.6666666667 41.1570247933884 42 1
6.480618 3.337885 111312.744186047 62.8842975206612 43 1
6.496145 2.81568 -36761.9555555556 3.40909090909091 45 1
6.499322 3.366342 144022.023255814 61.4049586776859 43 1
6.500041 2.938151 37310.2045454545 10.2644628099174 44 1
6.502339 3.270671 144554.318181818 54.5454545454545 44 1
6.505343 3.38247 173201.861111111 56.4545454545455 36 1
6.512886 3.204782 157533.738095238 39.9545454545455 42 1
6.519155 6.321776 30920.7111111111 0.975206611570248 45 1
6.529581 3.377936 191545.512820513 58.3272727272727 39 1
6.530499 3.389973 134705.466666667 50.7520661157025 45 1
6.530635 7.111675 -24480.4444444444 0 45 1
6.533927 3.344542 135888.911111111 62.9752066115703 45 1
6.536668 3.33509 141764.177777778 62.8909090909091 45 1
6.537999 3.28938 136198.688888889 60.8454545454545 45 1
6.548487 3.215624 134331.930232558 41.1322314049587 43 1
6.549926 3.363395 134439.84375 61.1239669421488 32 1
6.556822 3.342548 138974.523809524 62.9917355371901 42 1
6.56307 8.808679 -29307.4 0.181818181818182 40 1
6.565796 3.375848 232480.536585366 59.0909090909091 41 1
6.57413 3.285036 155028.288888889 62.2892561983471 45 1
6.575455 3.279536 158469.636363636 61.7954545454545 44 1
6.577926 2.924615 44809.5111111111 4.49586776859504 45 1
6.588964 4.742865 49883.3076923077 1.05785123966942 39 1
6.59129 3.392553 133756.377777778 52.2809917355372 45 1
6.592214 3.320447 135978.711111111 62.9848484848485 45 1
6.601337 7.333683 -30497.15 0.148760330578512 40 1
6.604132 6.997036 -39607.4285714286 0 42 1
6.609875 3.519448 124209.931818182 39.3257575757576 44 1
6.61256 7.412998 -22533.0444444444 0.808333333333333 45 1
6.614066 6.102107 29375.5777777778 0 45 1
6.616169 3.331314 71574.9090909091 62.9421487603306 44 1
6.617081 3.295842 136823.487804878 62.280303030303 41 1
6.61941 3.30945 111086.755555556 62.8842975206612 45 1
6.619562 5.131794 -50080.3488372093 0 43 1
6.627755 7.831058 -53265.6923076923 0 39 1
6.628065 9.242049 5563.05405405405 0 37 1
6.629645 8.010709 -113263.930232558 0.3 43 1
6.635127 3.389213 135953.911111111 49.5681818181818 45 1
6.638924 3.252902 151586.318181818 54.5681818181818 44 1
6.639023 3.340625 122761.666666667 61.3223140495868 45 1
6.64994 3.910928 56664.525 0.909090909090909 40 1
6.654585 7.425133 24258.4285714286 1.1 42 1
6.660882 11.28604 -78018.1111111111 0.204545454545455 45 1
6.664309 3.319716 157873.209302326 59.6818181818182 43 1
6.670126 3.678613 72883.0444444444 7.36666666666667 45 1
6.671803 5.391137 -30530 0.677685950413223 38 1
6.676534 3.240034 99019.2666666667 52.8409090909091 45 1
6.681234 2.999482 51719.9555555556 9.00826446280992 45 1
6.68156 4.203928 -16190.8604651163 0 43 1
6.686471 3.296167 102956.904761905 58.1893939393939 42 1
6.700079 3.497507 90251.9777777778 36.0833333333333 45 1
6.705212 4.27012 -50850.7777777778 0 45 1
6.706788 7.391684 -34810.1428571429 0.545454545454545 42 1
6.714298 9.075205 -67778.6363636364 0 44 1
6.71679 11.256647 -4743.66666666667 1.31818181818182 45 1
6.718104 3.861782 37733.3409090909 1.9469696969697 44 1
6.728114 3.36957 93520.0227272727 32.5378787878788 44 1
6.735454 8.448336 -45223.6818181818 0 44 1
6.736863 3.585146 -63347.4222222222 8.71666666666667 45 1
6.741496 6.325082 69894.8444444444 6.97202797202797 45 1
6.753528 7.769925 -84409.8444444444 0 45 1
6.755313 6.083499 103254.111111111 5.59440559440559 45 1
6.770334 6.350085 31362.4444444444 2.36923076923077 45 1
6.781007 7.426636 19043.7111111111 2.83333333333333 45 1
6.790872 5.27493 -66188.4651162791 0 43 1
6.797827 6.254015 68582.3333333333 4.15909090909091 45 1
6.808987 2.837764 -20625.4545454545 0 44 1
6.809701 6.68264 -68388.1666666667 0 42 1
6.810321 8.808429 -50598.8 0 40 1
6.813019 5.56284 19614.4 0 40 1
6.81347 11.054064 -50685.1555555556 0 45 1
6.821738 3.899622 78213.4186046512 17.6 43 1
6.826696 4.998707 -55408.5 0 42 1
6.838489 3.637571 89193.5111111111 15.219696969697 45 1
6.84829 8.434496 42029.4054054054 1.9020979020979 37 1
6.849062 7.378249 -866.311111111111 8.28787878787879 45 1
6.860848 5.950018 69401.7777777778 0.741258741258741 45 1
6.8612 3.705371 75591.0930232558 8.5944055944056 43 1
6.861601 11.538456 -57201.8222222222 0 45 1
6.89424 7.444949 -1475.48837209302 8.25874125874126 43 1
6.896378 3.741044 52191.3863636364 6.3 44 1
6.899357 4.877271 22323.0263157895 0.251748251748252 38 1
6.899918 3.107896 29136.5777777778 3.15384615384615 45 1
6.90227 8.097115 -92551.6666666667 0 39 1
6.902288 3.660126 65578.7333333333 11.0839160839161 45 1
6.931538 9.83443 -58350.7555555556 0 45 1
6.936139 7.556368 -19152.5777777778 2.14285714285714 45 1
6.955776 8.307408 -61435.34375 0.116883116883117 32 1
6.961829 6.012319 61139.7209302326 0.671428571428571 43 1
6.964376 3.382977 -45217.1395348837 0 43 1
6.991184 5.737863 -17064.3333333333 0.0649350649350649 45 1
7.023375 7.448162 -12935.8666666667 1.96363636363636 45 1
7.048393 3.016593 -19853.3111111111 5.4 45 1
7.08376 4.841296 76355.6222222222 10.8363636363636 45 1
7.090224 6.508909 59376.5348837209 1.71515151515152 43 1
7.10258 8.099183 31766.4473684211 0.375757575757576 38 1
7.112295 6.648608 16282.2727272727 1.16875 44 1
7.119258 7.626355 -24640.1794871795 1.07386363636364 39 1
7.122212 7.79639 52201.6842105263 0.710227272727273 38 1
7.147947 3.352908 89050.2093023256 30.9659090909091 43 1
7.148612 9.16421 -75212.9523809524 0 42 1
7.157334 3.339715 83703.6590909091 30.4117647058824 44 1
7.16204 3.333034 73647.3777777778 31.0764705882353 45 1
7.176902 9.197081 -18561.1904761905 0.566844919786096 42 1
7.178323 7.813354 -32771 0.761111111111111 44 1
7.187582 9.677511 -76354.3636363636 0.105555555555556 44 1
7.189299 6.797413 -53319.6363636364 0.732323232323232 44 1
7.191263 8.146332 107592.41025641 5.55555555555556 39 1
7.206989 5.57933 85694.5227272727 5.06060606060606 44 1
7.213366 7.624369 -19166.0465116279 0.238888888888889 43 1
7.223512 5.186448 97796.1818181818 19.7020202020202 44 1
7.226806 4.6323 -25384.9333333333 0.645933014354067 45 1
7.231393 4.88692 119703.688888889 1.39393939393939 45 1
7.245967 8.672722 -101740.409090909 0 44 1
7.25022 5.217353 190157.666666667 23.3301435406699 45 1
7.268224 5.203634 120811.666666667 23.3772727272727 45 1
7.272634 5.266349 113942.775 13.9521531100478 40 1
7.273802 9.99631 134534.511111111 1.87727272727273 45 1
7.278214 7.736047 -58686.7777777778 0 45 1
7.284158 4.573843 -12459.0666666667 0.495454545454545 45 1
7.293197 9.682045 -91338.7 0.195454545454545 40 1
7.296585 8.20877 -67625.2051282051 0 39 1
7.302465 5.844572 48302.1428571429 0.263636363636364 42 1
7.312327 4.950901 -39884.1333333333 0 45 1
7.31722 5.068757 18749.6222222222 3.30735930735931 45 1
7.33442 8.976706 65290.9512195122 8.38429752066116 41 1
7.352285 4.796001 -27246.5333333333 0 45 1
7.353159 3.929197 79922.0952380952 36.2933884297521 42 1
7.35467 3.898075 94372.4772727273 40.8173913043478 44 1
7.36856 3.937503 70013.0888888889 38.844696969697 45 1
7.370054 4.191196 58306.8888888889 4.7 45 1
7.376449 3.903099 62399.8636363636 45.1212121212121 44 1
7.378865 3.823142 141516.681818182 35.8291666666667 44 1
7.379535 3.902973 68301.9555555556 46.4083333333333 45 1
7.394563 3.938887 101167.511111111 42.0871212121212 45 1
7.399073 3.884338 78322.8604651163 44.9381818181818 43 1
7.400486 4.004473 114431.466666667 25.844696969697 45 1
7.412503 7.7566 14345.6904761905 0 42 1
7.422674 4.423452 -53417.1111111111 0.867132867132867 45 1
7.444895 4.012999 50228.0243902439 20.0572390572391 41 1
7.445235 9.004712 -77907.6666666667 1.96296296296296 42 1
7.456658 2.851144 7535.45454545455 0.5 44 1
7.464924 4.890661 38066.2666666667 0.949843260188088 45 1
7.470266 5.725928 90960.023255814 1.95172413793103 43 1
7.472071 4.543945 76273.2222222222 8.01253918495298 45 1
7.479214 7.602561 221.931818181818 0.02 44 1
7.481109 7.98704 -17189.0227272727 0 44 1
7.487044 3.921865 128249.840909091 15.2366666666667 44 1
7.49193 5.243404 85493.3777777778 1.43401759530792 45 1
7.49703 8.82081 -80359.1707317073 0.342424242424242 41 1
7.500424 5.080702 23000.9069767442 0.448680351906158 43 1
7.507132 4.444926 61152.7333333333 9.14488636363636 45 1
7.514677 6.484442 34040.5333333333 0.672176308539945 45 1
7.518813 5.748877 76874.9512195122 2.30027548209366 41 1
7.523577 4.548636 131120.066666667 7.27272727272727 45 1
7.524204 7.160336 82086.2 1.59504132231405 45 1
7.533836 4.456969 61161.0666666667 7.04812834224599 45 1
7.550173 6.24953 73782.4666666667 6.11111111111111 45 1
7.56379 6.169152 43559.4318181818 6.94736842105263 44 1
7.565668 7.62176 -10689.2954545455 0 44 1
7.566977 3.151428 -48922.0444444444 0.172248803827751 45 1
7.568769 6.173435 41428.4545454545 6.94736842105263 44 1
7.581107 6.188577 39562.2093023256 7.21590909090909 43 1
7.592851 5.665532 21603.3953488372 1.01082251082251 43 1
7.596037 5.014826 32835.6744186046 1.6952380952381 43 1
7.598018 4.754377 87357.3777777778 4.20995670995671 45 1
7.600355 5.218242 147261.466666667 5.99365750528541 45 1
7.601959 5.417433 -4309.19047619048 1.35940803382664 42 1
7.603704 5.1125 24147.4651162791 6.27272727272727 43 1
7.621443 5.224215 97400.3409090909 6.91063829787234 44 1
7.626785 4.781214 133580.088888889 5.18939393939394 45 1
7.630006 4.187176 22590.6666666667 2.74375 45 1
7.636652 5.229608 149423.318181818 6.534 44 1
7.638459 5.408666 74420.8666666667 4.4367201426025 45 1
7.64691 6.344131 23636.6744186047 2.50874125874126 43 1
7.650429 5.532054 68499.5555555556 0.128644939965695 45 1
7.656989 5.117314 72664.9318181818 5.06611570247934 44 1
7.661944 4.928211 33275.5714285714 4.76785714285714 42 1
7.685192 5.988825 38226.9545454545 0.316761363636364 44 1
7.697898 3.184577 29155.8 0.160737812911726 45 1
7.707998 5.498398 81452.5833333333 0.864864864864865 36 1
7.72715 8.55256 103667.487179487 4.34331550802139 39 1
7.731045 9.621146 -77719.2 0 45 1
7.731733 5.735602 30385.2954545455 0.247933884297521 44 1
7.737596 4.438466 23928.4888888889 4.54516129032258 45 1
7.753973 5.391413 41988 0.557407407407407 39 1
7.757198 4.895896 36060.6888888889 4.78814935064935 45 1
7.761047 9.989088 -87023.6888888889 0.0924764890282132 45 1
7.766514 5.739296 53947.3111111111 0.662971175166297 45 1
7.77974 4.363719 -1990.09302325581 4.68356164383562 43 1
7.781454 7.940457 -54441.8780487805 0.718730933496034 41 1
7.782101 9.538207 -60052.5454545455 0.0551515151515152 44 1
7.784205 5.714917 35797.2 0.746041055718475 45 1
7.788361 4.570694 134802.2 4.28414634146341 45 1
7.797304 5.691788 78839.9111111111 0.837696335078534 45 1
7.809784 4.926864 36512.7692307692 2.87704918032787 39 1
7.809938 6.748363 63532.2307692308 1.47569573283859 39 1
7.813341 6.982528 -12536.8222222222 1.39509433962264 45 1
7.814521 7.020374 -28967.1111111111 1.31751824817518 45 1
7.81466 5.364321 63379.9111111111 2.40643662906437 45 1
7.817645 4.58984 118977.454545455 2.45240281603918 44 1
7.820349 4.476174 83356.4444444444 2.23084112149533 45 1
7.821073 6.099531 110131.590909091 1.42752293577982 44 1
7.832773 5.022428 74223.4888888889 1.98872584108805 45 1
7.844756 4.322826 35520.4222222222 1.1635261707989 45 1
7.846395 5.991781 95660.1136363636 0.86875 44 1
7.851938 4.489835 69917.7555555556 0.652932349631112 45 1
7.852112 3.93718 97482.5 0.652932349631112 44 1
7.854454 7.876807 -32443.9210526316 0.626685006877579 38 1
7.909457 4.32279 64595.3555555556 1.65557638238051 45 1
7.909535 7.070504 -12634.7727272727 0.803186504217432 44 1
7.911439 6.753847 -1544.975 0.869922630560928 40 1
7.913647 7.505779 -26247.5777777778 0.029633350075339 45 1
7.927627 4.647344 108636.295454545 1.61021170610212 44 1
7.930775 5.444364 25333.625 0.038961038961039 40 1
7.936112 4.842134 17052.3953488372 1.62317834836919 43 1
7.943531 4.975165 49197.6888888889 1.34635612321563 45 1
7.945567 10.657741 -76187.7555555556 0.023728813559322 45 1
7.961424 3.591342 53863.2222222222 0.787578757875788 45 1
7.986488 10.993955 -57304.2666666667 0.0310421286031042 45 1
7.987791 7.848827 -24969.5555555556 0.0901234567901235 36 1
7.988353 5.129855 53730.1428571429 0.5225 42 1
8.086075 4.705347 56347.2272727273 1.61121856866538 44 1
8.090308 3.340539 12049.4888888889 0.450592885375494 45 1
8.098074 10.063674 -16081.4666666667 0.0867768595041322 45 1
8.103565 7.670108 -34171.0333333333 0 30 1
8.117333 6.854475 -26287.25 0.329004329004329 44 1
8.137686 4.262464 89576.7333333333 4.56578947368421 45 1
8.154345 4.719409 44888.0909090909 3.63611111111111 44 1
8.15526 3.401223 -81761.3111111111 0.28992628992629 45 1
8.16242 5.14145 811.777777777778 2.79428571428571 45 1
8.195676 7.746035 -38374.9 0 40 1
8.297746 4.526147 36310.4666666667 0.56 45 1
8.313542 4.38855 16929.1111111111 1.34090909090909 45 1
8.315398 9.686685 -50030.4 0 45 1
8.323687 5.242049 18181.1860465116 0.379446640316206 43 1
8.348507 8.833737 13355.8636363636 0 44 1
8.394625 8.356697 30215.0833333333 0.714285714285714 36 1
8.398243 4.623362 79198.9302325581 7.03463203463203 43 1
8.407709 3.361593 18584.0666666667 0 45 1
8.434089 11.03312 -87996.4444444444 0.162679425837321 45 1
8.473993 4.539439 72339.25 32.7464114832536 44 1
8.474936 4.561175 113080.022222222 34.2474747474747 45 1
8.479997 8.620825 -37044.2727272727 1.22777777777778 44 1
8.482544 6.946514 144322.567567568 1.56565656565657 37 1
8.494575 4.521048 80756.1555555556 30.5 45 1
8.500912 4.602338 162292.488372093 25.8282828282828 43 1
8.505205 4.544727 69904.8409090909 30.5909090909091 44 1
8.509775 4.530087 47705.1818181818 28.959595959596 44 1
8.524722 8.514258 118623.930232558 8.55080213903743 43 1
8.52518 4.546441 104135.75 24.6818181818182 44 1
8.52978 7.788128 -43175.6666666667 0.755555555555556 24 1
8.531828 12.374966 -23642.4186046512 0 43 1
8.546015 8.451322 -24106.5365853659 2.65294117647059 41 1
8.570109 3.547449 -119058.955555556 0 45 1
8.596511 8.925096 -67960.1428571429 0 42 1
8.599753 6.847795 -31285.6590909091 0 44 1
8.607537 7.178458 -24936.4418604651 0 43 1
8.632711 6.802451 19616.4285714286 0 42 1
8.633371 6.416811 2624.86666666667 0 45 1
8.638174 10.784069 -36257 1.22666666666667 44 1
8.651693 9.768994 -87418.8095238095 0 42 1
8.660406 3.52278 -77616.5333333333 0 45 1
8.687992 3.412814 93162.9111111111 5.56428571428571 45 1
8.699826 5.895578 -23606 0 45 1
8.713817 11.628378 -116730.955555556 0 45 1
8.717259 8.531831 79735.0322580645 1.14935064935065 31 1
8.745118 4.464231 26130.9772727273 0 44 1
8.750151 8.090164 -44401.125 0 40 1
8.765318 12.082464 -106650.761904762 0.0699300699300699 42 1
8.765458 3.603125 -14014.9111111111 0 45 1
8.770745 8.625758 -46755.375 0 32 1
8.77173 5.797715 -28770.0952380952 0.442857142857143 42 1
8.794115 11.413155 -114023.25 0 44 1
8.804697 8.752105 -56625.1052631579 0 38 1
8.828906 4.993176 76179.7073170732 2.85384615384615 41 1
8.835276 4.844875 -950.883720930233 0 43 1
8.843252 10.805917 -124884.666666667 0 45 1
8.854504 7.882599 98861.725 8.55384615384615 40 1
8.862011 9.635557 -78331.7674418605 0 43 1
8.876495 7.695011 36076.3863636364 3.25757575757576 44 1
8.908278 8.378301 147013.64516129 6.22727272727273 31 1
8.921687 11.329061 70472.9534883721 16.0666666666667 43 1
8.933239 7.091917 89640.9090909091 11.965034965035 44 1
8.946452 7.064911 88851.8333333333 12.45 42 1
8.946828 8.710266 -43803.8205128205 0 39 1
8.959734 7.077051 176314.636363636 12.7121212121212 44 1
8.964446 8.472936 -38065.7894736842 0.340909090909091 38 1
8.966162 11.813599 -112319.844444444 0.204545454545455 45 1
8.967464 3.80655 -88515.1111111111 0 45 1
8.972641 5.200414 -12399.6511627907 0.0909090909090909 43 1
8.974457 7.374716 134063.243243243 34.6515151515151 37 1
8.977145 9.781248 -111980.76744186 0 43 1
8.988763 9.861915 -23250.1764705882 0 34 1
9.023282 6.316563 18433.6046511628 0.818181818181818 43 1
9.024736 7.422396 106110.857142857 58.0530303030303 42 1
9.044897 11.565836 -12647.7727272727 0 44 1
9.044939 7.494066 237577.057142857 57.6833333333333 35 1
9.05551 7.378751 107336.472222222 44.9242424242424 36 1
9.060277 7.399262 97157 54.2314049586777 42 1
9.061271 7.443314 255949.75 61.5289256198347 36 1
9.067543 7.154071 -31029.2195121951 5.0530303030303 41 1
9.069555 4.950153 92044.7380952381 0.958677685950413 42 1
9.071747 7.47703 213110.153846154 61.6636363636364 26 1
9.07485 7.394607 196976.095238095 52.7272727272727 42 1
9.075202 7.327502 89564.717948718 25.1666666666667 39 1
9.082032 7.418711 224737.714285714 59.9586776859504 35 1
9.082368 7.501654 163018.590909091 55.099173553719 44 1
9.096179 7.414277 206746.243243243 59.9636363636364 37 1
9.097077 6.022804 41888.5777777778 9.75206611570248 45 1
9.098192 7.527573 174078.238095238 38.6115702479339 42 1
9.116502 4.814712 45466.8222222222 7.22314049586777 45 1
9.119642 5.945372 -5939.06666666667 3.46212121212121 45 1
9.130044 9.840172 -95096.6666666667 0.618181818181818 42 1
9.141315 11.62035 -117208.244444444 0 45 1
9.142659 5.889798 -2498.77777777778 0.0495867768595041 45 1
9.14353 9.802323 56827.9743589744 1.77685950413223 39 1
9.143764 8.381281 -48603.4736842105 0 38 1
9.159592 7.348256 193524.676470588 39.6694214876033 34 1
9.162514 6.995731 -46147.4222222222 0 45 1
9.181494 6.376671 -50939.0444444444 0 45 1
9.18261 7.190781 182371.720930233 21.9669421487603 43 1
9.186171 9.704893 -82439.756097561 0 41 1
9.191591 9.678142 -103392.111111111 0 45 1
9.197908 12.488787 146990.068181818 10.0826446280992 44 1
9.209026 12.501689 96706.775 9.82644628099174 40 1
9.215433 3.203993 -16359.8 0.586776859504132 45 1
9.2158 12.498294 47726.756097561 10.4214876033058 41 1
9.233964 8.471399 37026.4888888889 0 45 1
9.243076 5.734276 6116 0 45 1
9.245381 11.863476 -93641.9333333333 0 45 1
9.248913 7.277954 -2918.26666666667 5.90909090909091 45 1
9.276733 7.951489 -38599.9090909091 0 44 1
9.283893 12.812037 -93265.0487804878 0 41 1
9.313766 7.745062 -39490.0487804878 0 41 1
9.34251 9.205836 -11928.0526315789 0 38 1
9.345818 11.004246 -91080.6 0 45 1
9.356379 8.014384 -16844.1555555556 0 45 1
9.362292 9.424356 -63009.0714285714 0.872727272727273 42 1
9.366998 12.551611 44046.0243902439 1.66942148760331 41 1
9.369888 6.38832 -42701.9090909091 0 44 1
9.37879 6.995329 -49368.3636363636 0.17 44 1
9.389275 12.832313 -22407.8333333333 0 42 1
9.389979 9.200819 -57283.2727272727 0 44 1
9.421263 9.804832 -113378.431818182 0 44 1
9.480116 9.157585 43997.525 2.36363636363636 40 1
9.483828 7.702943 4323.4 0.801652892561983 45 1
9.528891 10.366498 -112438.634146341 0 41 1
9.544495 10.915399 -109345.6 0 45 1
9.552619 11.22221 -115877.311111111 0 45 1
9.55851 11.103898 -109444.575 0 40 1
9.578402 6.569628 120055.840909091 23.8818181818182 44 1
9.608769 7.300629 -32161.2272727273 0 44 1
9.611484 11.431804 -90218.2857142857 0 42 1
9.636519 9.087539 -65397.1666666667 0 42 1
9.644287 8.60373 -88893.6136363636 0 44 1
9.65012 11.805992 -65149.0731707317 2.6198347107438 41 1
9.658315 11.012426 -98009.9487179487 0 39 1
9.691542 11.943757 -112077.066666667 0 45 1
9.695056 6.475028 56635 6.16363636363636 43 1
9.710026 12.272056 -83226.7804878049 0 41 1
9.711026 8.844146 33732.1333333333 3.12396694214876 45 1
9.722689 8.55015 -47605.7111111111 0 45 1
9.730782 11.704651 -56543.2857142857 0.886363636363636 42 1
9.744344 6.06576 40425.8636363636 1.00826446280992 44 1
9.760583 9.748821 -125790.292682927 0 41 1
9.767329 3.378472 -27309.7045454545 0 44 1
9.789782 9.88201 -38222.1162790698 0 43 1
9.794228 8.377102 -42492.8409090909 0 44 1
9.799688 11.92572 -66429.5454545455 0 44 1
9.813438 8.706256 17437.2954545455 0.833333333333333 44 1
9.843371 11.176967 265.651162790698 0.484848484848485 43 1
9.854514 11.681513 -92333.0681818182 0 44 1
9.87285 11.230351 -33581.1842105263 1.58333333333333 38 1
9.896175 8.890274 135475.113636364 31.2416666666667 44 1
9.902968 11.947606 2414.3023255814 1.28030303030303 43 1
9.923324 8.847693 125131.578947368 25.8939393939394 38 1
9.923981 8.917847 131805.055555556 21.2121212121212 36 1
9.93553 8.914128 112920.486486486 23.9772727272727 37 1
9.981602 11.48633 -121087.186046512 0 43 1
9.983329 10.932461 -59315.4651162791 0 43 1
10.018109 13.125219 -85501.1555555556 0 45 1
10.032155 9.112013 -34810.1363636364 1.53896103896104 44 1
10.060323 12.773261 -116935.536585366 0 41 1
10.07875 6.015912 -95780.4444444444 0.207692307692308 45 1
10.092704 6.554116 -133933.886363636 0 44 1
10.108319 13.307371 -41735.6666666667 0 45 1
10.162288 12.742196 20580.8717948718 1.65333333333333 39 1
10.175021 11.195507 -103685.8 0.0324675324675325 45 1
10.182173 13.230579 -39220.2195121951 0 41 1
10.183341 12.791833 -58836.2272727273 0.945454545454545 44 1
10.222214 9.404448 -27994.1162790698 0.210227272727273 43 1
10.253741 11.181175 5683.73170731707 16.90625 41 1
10.253876 13.270651 35431.6857142857 3.14375 35 1
10.269099 11.205159 12795.4102564103 18.3863636363636 39 1
10.276727 11.336544 -70563.6666666667 0.727272727272727 39 1
10.287712 12.753104 -38956.3720930233 0 43 1
10.288468 11.966789 -102332.909090909 0 44 1
10.290102 10.182841 -117244 0 44 1
10.309479 9.841554 59502.025 20.7647058823529 40 1
10.319448 11.178826 53136.1621621622 19.3888888888889 37 1
10.323127 11.358394 -8139.48 0.144385026737968 25 1
10.349935 3.737298 -146232.844444444 0 45 1
10.366122 8.995874 -109087.641025641 0.303030303030303 39 1
10.366173 11.27973 -95060.5681818182 0.484848484848485 44 1
10.377382 12.565215 -62681.1777777778 0.191387559808612 45 1
10.41254 5.455511 125701.5 6.92 42 1
10.418755 7.419452 98963.5 25.65 44 1
10.432694 8.235796 -83348.4090909091 0 44 1
10.44189 7.455392 139536.911111111 35.45 45 1
10.44405 7.498599 123381.577777778 27.5800865800866 45 1
10.445128 7.491027 70053.4666666667 30.452380952381 45 1
10.454373 11.064833 -88993.1860465116 0 43 1
10.484925 7.391393 87045.2444444444 33.0826446280992 45 1
10.503556 8.499361 -14888.2888888889 0.843478260869565 45 1
10.548931 4.635241 -71533.1777777778 0 45 1
10.551203 5.451174 -58877.8888888889 0 45 1
10.55603 5.59688 -80953.6222222222 0 45 1
10.623654 6.444471 -104342.409090909 0.987878787878788 44 1
10.63407 11.523789 -138464.136363636 0.0146627565982405 44 1
10.673465 8.39896 -58175.9545454545 1.10695187165775 44 1
10.699553 8.26384 -52018.976744186 1.02948402948403 43 1
10.734599 7.944545 -76001.4418604651 0.326839826839827 43 1
10.815515 7.263128 -82425.8 0.387878787878788 45 1
10.82236 3.937307 -143121.888888889 0 45 1
10.886514 11.515195 -84961.2666666667 0.616161616161616 45 1
10.906941 8.331786 -58262.3181818182 0.0834575260804769 44 1
10.959827 5.190469 -117937.688888889 0 45 1
10.961217 9.556173 -76337.5333333333 0.0865662999420961 45 1
10.967246 10.909505 -134874.568181818 0.176568837986161 44 1
10.968064 9.636477 -116239.555555556 0.122448979591837 45 1
10.983385 8.059852 -6811.11904761905 0.126040061633282 42 1
10.985413 10.86431 -130691.772727273 0.116910229645094 44 1
10.993712 13.36339 -60060.6046511628 0.0767787920470176 43 1
11.00044 11.381061 -126609.536585366 0.0824684256596224 41 1
11.007295 8.349324 -135426.906976744 0.136413097240083 43 1
11.070602 13.702637 4937.24390243902 0.288194444444444 41 1
11.083918 11.15569 -122888.488888889 0.160953800298063 45 1
11.088202 5.438432 -106652.25 0.110344827586207 44 1
11.093939 11.348004 -26225.6666666667 0.201652892561983 45 1
11.101735 7.740863 98733.8444444444 3.14041404140414 45 1
11.12339 6.135203 -111456.75 0 32 1
11.125437 7.725949 42195.1333333333 3.76232201533406 45 1
11.168586 7.643307 58642.7333333333 3.81818181818182 45 1
11.176362 7.12124 -28016.3488372093 0.263636363636364 43 1
11.188404 9.910356 -71670.3333333333 0.0892857142857143 39 1
11.197857 9.437789 -145894.3125 0 32 1
11.224195 13.093622 -106415.88372093 0 43 1
11.229242 10.010556 -131310 0.0808510638297872 44 1
11.241135 9.656046 -72177.1707317073 0 41 1
11.248424 4.630012 -145017.209302326 0 43 1
11.252385 11.258013 -127830.255813953 0.211416490486258 43 1
11.253473 12.000851 89877.1951219512 0.0813953488372093 41 1
11.253998 8.82816 -116279.066666667 0 45 1
11.273161 9.881827 -60683.1818181818 0.801864801864802 44 1
11.279833 5.450857 -12824.4090909091 0.192307692307692 44 1
11.281639 12.001289 -63681.6428571429 0.0837320574162679 42 1
11.285948 9.745697 -109950.822222222 0.91866028708134 45 1
11.296802 12.085253 -121153.05 0.0883838383838384 40 1
11.30205 10.485236 11934.1666666667 0.823232323232323 42 1
11.338493 7.55371 -71880.1590909091 0.946022727272727 44 1
11.360307 4.554957 -115647.555555556 0 45 1
11.393255 5.288657 -89963.1777777778 1.03896103896104 45 1
11.406623 7.348553 -95752.9333333333 0.259259259259259 45 1
11.419111 6.016153 -108414.795454545 0.148148148148148 44 1
11.42596 5.247221 45066.9545454545 2.15734265734266 44 1
11.452769 4.436203 -119334.177777778 1.09090909090909 45 1
11.469011 8.175741 -29332.525 2.14624505928854 40 1
11.506738 9.980843 -130243.279069767 0 43 1
11.508538 6.53569 -107607.418604651 0.152892561983471 43 1
11.510062 8.551981 -99454 0.243801652892562 45 1
11.517294 7.313149 21924.2045454545 7.23140495867769 44 1
11.548358 10.416481 -146964.933333333 0.225108225108225 45 1
11.558985 6.011189 -128624.523809524 0 42 1
11.577281 7.078838 -98248.4444444444 0.304545454545455 45 1
11.581208 10.479093 -118025.522727273 0 44 1
11.584735 8.805892 -122716.372093023 0 43 1
11.618485 11.71827 -103716.119047619 0 42 1
11.620111 13.476149 -82250.2258064516 0 31 1
11.635978 6.673795 -120576.844444444 0 45 1
11.641014 8.442278 -78280.7333333333 1.2020202020202 45 1
11.650689 6.281018 -95950.9555555556 0.141414141414141 45 1
11.667279 8.54702 -79122.9555555556 0.151515151515152 45 1
11.667504 4.044361 -77742.5333333333 0.786096256684492 45 1
11.674963 11.783269 -123653.794871795 0 39 1
11.678343 10.703977 -49723.4146341463 0.944444444444444 41 1
11.695639 8.744656 -63690.8409090909 0.158823529411765 44 1
11.696226 9.02011 -121896.088888889 0 45 1
11.699141 9.917582 -133718.846153846 0.684491978609626 39 1
11.716197 9.349688 -40406.5952380952 14.2887700534759 42 1
11.732453 3.725743 -135867.155555556 0 45 1
11.732542 4.095202 -138238.088888889 0 45 1
11.739757 13.932452 -106810.142857143 0 42 1
11.751562 10.804911 -143733.166666667 0.227272727272727 42 1
11.757711 10.138579 -94438.2558139535 0.397727272727273 43 1
11.763473 10.477321 -145693.536585366 0 41 1
11.775269 8.291301 4501.15555555556 0.212121212121212 45 1
11.785781 7.589403 -2523.47727272727 3.17575757575758 44 1
11.799833 13.201102 178970.921052632 8.86060606060606 38 1
11.804794 8.626042 -99023.9 0.753333333333333 40 1
11.814736 13.088704 20404.5581395349 10.6424242424242 43 1
11.815325 13.08667 67841.9047619048 9.63636363636364 42 1
11.821864 8.842139 11223.9555555556 3.13333333333333 45 1
11.821891 9.194912 -108192.204545455 0.25974025974026 44 1
11.832362 9.91577 -73088.9302325581 0 43 1
11.836515 13.093503 113939.904761905 12.0424242424242 42 1
11.843932 8.126764 -131291.888888889 0 45 1
11.844856 8.810067 -120609.888888889 2.8961038961039 45 1
11.868676 13.128481 90638.025 14.5064935064935 40 1
11.882149 7.591345 -44421.0888888889 0 45 1
11.906208 8.774534 -131420.377777778 0.111888111888112 45 1
11.911325 8.656568 -60447.1333333333 4.96753246753247 45 1
11.916628 4.446005 -105001.488888889 0 45 1
11.917842 8.346024 -115874.022222222 1.54545454545455 45 1
11.919216 7.81348 -87665.2222222222 0 45 1
11.939913 11.309748 -168235.928571429 0 42 1
11.95586 8.255284 -86996.7111111111 0.958041958041958 45 1
11.956674 10.604022 -49149.1463414634 0 41 1
11.969459 4.158634 -143788.844444444 0 45 1
11.983541 10.407938 -96007.7333333333 0 45 1
11.991008 8.517213 55693.3636363636 59.2027972027972 44 1
11.996166 9.606444 -136562.704545455 0 44 1
12.003591 8.500859 50240.8666666667 55.2230769230769 45 1
12.009676 8.50709 75101.2325581395 56.8321678321678 43 1
12.013625 12.521109 -135293.142857143 0 42 1
12.01451 8.512272 54277.5454545455 56.4393939393939 44 1
12.01488 8.513587 30902.023255814 56.4393939393939 43 1
12.017735 9.080181 -131680.590909091 0 44 1
12.018982 8.478022 39328.0465116279 44.780303030303 43 1
12.020378 8.343881 -54977.3333333333 3.08461538461538 45 1
12.020549 13.922665 -90079.4318181818 0.623076923076923 44 1
12.024446 8.4763 18585.5111111111 39.5594405594406 45 1
12.034079 8.490413 69572.5909090909 42.8111888111888 44 1
12.034888 6.504733 -105878.853658537 0 41 1
12.041285 8.480418 26159.7380952381 35.7272727272727 42 1
12.043715 8.458999 65112.2045454545 27.8181818181818 44 1
12.044326 8.481749 89026.4523809524 36.4055944055944 42 1
12.047519 10.115631 -143988.863636364 0.13986013986014 44 1
12.059581 10.569342 -155470.452380952 0 42 1
12.063358 8.466413 25824.8666666667 24.9153846153846 45 1
12.072473 4.073512 -95124.5777777778 0.378787878787879 45 1
12.114252 8.574154 -107141.555555556 5.24242424242424 45 1
12.129783 9.193145 -106714.777777778 2.49166666666667 45 1
12.132437 9.510924 -118058.931818182 0 44 1
12.142818 5.736969 -106550.581395349 0 43 1
12.147552 6.713368 129954.45 11.0227272727273 40 1
12.148555 8.366465 -74094.6818181818 2.44628099173554 44 1
12.151769 9.162168 33698.7045454545 3.60606060606061 44 1
12.154372 9.53779 -64994.756097561 0 41 1
12.16436 8.347024 -69961.7954545455 1.87121212121212 44 1
12.177515 7.819181 -132147.177777778 0.25 45 1
12.214337 5.67388 -111977.644444444 0.991735537190083 45 1
12.220799 9.328689 -80525.6666666667 0.883333333333333 45 1
12.223344 8.314229 -109268.088888889 1.33333333333333 45 1
12.273167 4.418655 -97014.5111111111 2.85123966942149 45 1
12.275602 9.563036 -103481.952380952 0 42 1
12.276555 7.974254 -43374.1860465116 0 43 1
12.289479 9.124988 -84533.75 0 44 1
12.305159 11.027579 -167146.204545455 0 44 1
12.308504 4.336993 -88343.8888888889 0 45 1
12.313474 8.68216 -117850.933333333 0 45 1
12.319748 7.554294 -108606.777777778 0 45 1
12.324848 6.821461 -116554.666666667 0 45 1
12.328103 5.131472 -134452.866666667 0 45 1
12.340613 13.051287 -153664.044444444 0 45 1
12.361703 8.526974 -74068.7777777778 0 45 1
12.36209 4.818673 -123138.577777778 0 45 1
12.3651 6.527768 -51376.7380952381 0 42 1
12.367459 7.28939 -103143.181818182 0 44 1
12.372258 11.041292 -23827.6666666667 0 45 1
12.381583 9.68919 -113840.666666667 0 42 1
12.384026 7.378544 -133710.266666667 0.504132231404959 45 1
12.398033 10.604755 -142500.19047619 0 42 1
12.40765 10.022382 -91294.8888888889 4.71900826446281 45 1
12.431023 4.807838 -615.155555555556 0 45 1
12.434543 7.447973 -16087.2666666667 2.43801652892562 45 1
12.435943 9.691287 -91606.5581395349 1.10743801652893 43 1
12.437299 8.840592 -135379.666666667 0 45 1
12.4446 7.306179 -61034.2619047619 0 42 1
12.451743 9.410819 -127421.609756098 0 41 1
12.466384 4.192451 -10915.6590909091 17.9338842975207 44 1
12.485872 6.583792 -110861.909090909 0.59504132231405 44 1
12.507371 4.633051 -67146.7777777778 0.652892561983471 45 1
12.512896 6.892832 -118335.5 0.136363636363636 44 1
12.535471 8.54422 -145693.619047619 0 42 1
12.544155 6.659695 -112211.244444444 0.347107438016529 45 1
12.55602 4.899131 -94057.25 0.363636363636364 44 1
12.559608 6.964741 -127781.619047619 0 42 1
12.564424 4.29732 -94126.9777777778 0.330578512396694 45 1
12.569394 6.066145 -49445.0285714286 6.65289256198347 35 1
12.569685 7.523132 -81775.6222222222 0 45 1
12.576797 10.736177 -107888.880952381 0 42 1
12.591034 13.681498 -127882.613636364 0 44 1
12.59499 6.601912 -24450 3.71818181818182 39 1
12.621882 9.168567 -119578.222222222 0.148760330578512 45 1
12.647073 7.986786 -106820.75 0.0454545454545455 44 1
12.650522 9.673162 -118084.395348837 0 43 1
12.665355 6.793773 -116256.219512195 0 41 1
12.671908 13.641359 -39834.7441860465 1.00826446280992 43 1
12.673017 5.001641 -100385.111111111 0.760330578512397 45 1
12.685392 9.131363 -114914.512820513 0 39 1
12.703233 9.462572 -121821.279069767 0 43 1
12.704106 6.838978 -94906.9777777778 0 45 1
12.753208 7.243292 -63123.5111111111 1.52892561983471 45 1
12.763274 4.549637 63586.8235294118 4.64545454545455 17 1
12.775727 6.525276 -134589.444444444 0.165289256198347 45 1
12.778623 6.807142 -79852.5333333333 0 45 1
12.852533 10.29929 -111937.795454545 0.0413223140495868 44 1
12.865944 10.440329 49861.3333333333 3.55371900826446 42 1
12.875227 5.089259 -90839.7333333333 1.29752066115702 45 1
12.882061 10.450164 7362.88372093023 3.66942148760331 43 1
12.893545 13.544444 -35239.5581395349 0.575757575757576 43 1
12.8937 11.037993 -46304.4 2.28030303030303 45 1
12.895342 4.687789 -104304.886363636 0 44 1
12.896711 10.878495 -117321.622222222 0 45 1
12.904235 7.979998 -135712.866666667 0 45 1
12.915838 10.533975 -113191.840909091 0 44 1
12.942229 6.828051 -138211.666666667 0 42 1
12.951611 7.742993 -70517.9777777778 1.7603305785124 45 1
12.953346 5.423015 -120412.066666667 1.06666666666667 45 1
12.958274 8.127232 -141139.386363636 0 44 1
12.97417 11.407463 -143816.355555556 0 45 1
13.017 7.623862 32982.7727272727 24.8257575757576 44 1
13.018633 11.13245 -118942.333333333 0 45 1
13.05763 5.238103 38827.8372093023 33.5227272727273 43 1
13.05799 4.835018 -98704.7555555556 0 45 1
13.058108 6.404704 -117134.547619048 0.416666666666667 42 1
13.061237 12.835665 -148879.444444444 0 45 1
13.062413 5.264988 57855.4888888889 28.3666666666667 45 1
13.065209 5.172954 -71013.1590909091 16.1212121212121 44 1
13.068096 5.254032 42747.1136363636 28.7575757575758 44 1
13.076206 5.234048 9585.7 27.6153846153846 40 1
13.088227 7.233168 721.977777777778 3.61538461538462 45 1
13.097233 7.93437 -117166.288888889 0 45 1
13.131656 10.499435 -121871.066666667 0 45 1
13.194602 5.449222 -107262.790697674 1.22377622377622 43 1
13.222969 5.51283 -59481.3720930233 0.0324675324675325 43 1
13.227335 6.516129 -141876.844444444 0 45 1
13.241712 5.415384 -98991.6666666667 1.01948051948052 45 1
13.248662 13.595897 -131433.333333333 0 45 1
13.250345 4.940612 -113769.386363636 1.23376623376623 44 1
13.2681 7.919713 -89111.2222222222 0 45 1
13.271874 4.954301 -94736.5813953488 1.2987012987013 43 1
13.289202 5.344613 -113014.395348837 1.0974025974026 43 1
13.299992 8.018677 -132964.911111111 0 45 1
13.60666 5.098848 -112687.066666667 0 45 1
13.686235 13.340167 -65905.4761904762 1.19636363636364 42 1
13.73572 5.760184 -123723.659090909 0.38961038961039 44 1
13.738739 5.289667 -102392.644444444 2.06818181818182 45 1
13.767678 5.598808 -91312.1777777778 0.781818181818182 45 1
