"lat" "lon" "wealthscore" "nl" "n" "sample"
-2.800865 29.579655 -61362.3846153846 0 26 1
-2.792961 29.418105 -63080.3461538462 0 26 1
-2.789598 29.744879 -60476.4230769231 0 26 1
-2.766533 29.442456 -62948.04 0 25 1
-2.762775 29.682687 -58130.1153846154 0 26 1
-2.760754 29.849705 -53658.1538461538 0 26 1
-2.758512 29.662263 -51927 0 26 1
-2.752702 29.495145 -37495.0769230769 0 26 1
-2.733294 29.569965 -53405.84 0 25 1
-2.731362 29.780691 -35671.92 0 25 1
-2.711069 29.728344 -41793.12 0 25 1
-2.709533 29.472353 -52562.04 0 25 1
-2.709279 29.546921 -30779.1923076923 0 26 1
-2.695023 29.002655 -11905.9230769231 0.575 26 1
-2.69135 29.527073 -59998.7692307692 0 26 1
-2.684591 29.850538 -30764.9230769231 0 26 1
-2.682618 29.81228 -34067.4615384615 0 26 1
-2.681601 29.740053 -46508.3076923077 0.0454545454545455 26 1
-2.661043 29.795864 -58718.5769230769 0.196969696969697 26 1
-2.660932 29.833817 -20268.7692307692 0 26 1
-2.660312 29.488456 -55522.8076923077 0 26 1
-2.658062 28.910435 -9150.03846153846 0 26 1
-2.65403 29.490941 -52433.28 0 25 1
-2.64997 29.888781 -58009.04 0 25 1
-2.644809 29.625657 -36665.72 0 25 1
-2.635716 29.715013 27955.5769230769 2.85606060606061 26 1
-2.634768 29.710052 -24358.6923076923 2.85606060606061 26 1
-2.619375 29.520306 -10057.2 0 25 1
-2.607346 29.229031 -36640.5 0 26 1
-2.599329 29.842978 -56240.6153846154 0 26 1
-2.598745 29.716773 93385.0384615385 3.60839160839161 26 1
-2.596514 28.971476 -46527.76 0.4 25 1
-2.594646 29.52377 -503.76 0 25 1
-2.593723 29.013618 -23798.8 0.363636363636364 25 1
-2.589906 28.970809 -37818.7307692308 0.363636363636364 26 1
-2.587721 29.768941 -30180.4230769231 3.07692307692308 26 1
-2.585717 29.667567 -17979.7692307692 1.04895104895105 26 1
-2.578438 29.772664 -19015.16 2.32307692307692 25 1
-2.578385 29.860149 -23784.6538461538 0 26 1
-2.576043 29.741134 -48391.0769230769 3.06993006993007 26 1
-2.573236 28.933981 -51562.6923076923 0.265734265734266 26 1
-2.562947 29.057529 -47648.2307692308 0.0923076923076923 26 1
-2.552635 29.096091 -46142.7692307692 0 26 1
-2.550852 29.849937 9549.76923076923 0 26 1
-2.545912 29.608434 -44620.44 0 25 1
-2.543825 29.487188 -57545.6923076923 0 26 1
-2.543066 29.454717 -41614.3461538462 0 26 1
-2.54094 29.053524 -39708.3461538462 0 26 1
-2.539896 29.032055 -45917.88 0 25 1
-2.532818 29.684726 -38661.9615384615 0.328671328671329 26 1
-2.525109 28.921811 -29877.5769230769 3.69230769230769 26 1
-2.523954 29.789264 -48875.8076923077 0.167832167832168 26 1
-2.523384 29.022046 -5108.8 0 25 1
-2.51733 29.758085 -30054.3846153846 0.0839160839160839 26 1
-2.515693 29.646142 -30851.7307692308 0 26 1
-2.507886 29.090533 -28963.7692307692 0 26 1
-2.497832 29.743853 -38807.84 0 25 1
-2.489807 29.62554 -43960.1153846154 0.293706293706294 26 1
-2.485561 28.926768 641.192307692308 4.54545454545455 26 1
-2.4814 29.779928 -51801 0 26 1
-2.480914 28.913307 231302.269230769 7.61038961038961 26 1
-2.474959 29.838132 -37110.1923076923 0 26 1
-2.466248 29.780193 -52825.2692307692 0 26 1
-2.465316 29.467918 -55365.0769230769 0 26 1
-2.461804 29.641229 -51972.9615384615 0 26 1
-2.455755 29.429881 -58799.7083333333 0 24 1
-2.452764 29.573641 -56491.2307692308 0.558441558441558 26 1
-2.450605 29.957955 -40073.0384615385 0 26 1
-2.449083 29.398886 -52970.8461538462 0 26 1
-2.444893 29.584107 -50261.72 0.558441558441558 25 1
-2.438728 28.903892 -36553.3846153846 3.99350649350649 26 1
-2.434632 29.787211 -34023.3461538462 0 26 1
-2.433123 29.547916 -53921.8846153846 0.519480519480519 26 1
-2.428076 29.462497 -44958.2608695652 0 23 1
-2.425081 29.842916 -7710.80769230769 0 26 1
-2.416729 29.532057 -46145.7692307692 0.187878787878788 26 1
-2.414607 28.954867 -54992.2692307692 0.25974025974026 26 1
-2.404493 28.941822 -39880.6 0.12 25 1
-2.400068 28.995509 -26477.64 0 25 1
-2.39019 28.981013 -35111.56 0 25 1
-2.389778 29.451722 -49028.4615384615 0 26 1
-2.38806 29.258739 -35533.3043478261 0 23 1
-2.387753 29.141641 -17760.2307692308 0 26 1
-2.387603 29.067239 -98.32 0 25 1
-2.384913 30.130896 16499.5384615385 0 26 1
-2.376306 30.592224 -10052.88 0 25 1
-2.372858 29.704832 -37049.6923076923 0.872727272727273 26 1
-2.371748 29.585916 -38689.8846153846 0 26 1
-2.366763 30.521692 -39000.56 0 25 1
-2.365815 29.939349 -35784.64 0 25 1
-2.360084 29.751587 107631.72 0.945454545454545 25 1
-2.357578 29.034794 -32714.1153846154 0 26 1
-2.357266 29.802312 -32222.3461538462 0.672727272727273 26 1
-2.356264 29.396761 -48227.0769230769 0 26 1
-2.353186 29.828331 -42616.7307692308 0.0340909090909091 26 1
-2.350536 29.777254 45337.92 0.945454545454545 25 1
-2.350317 29.680842 -88489.4583333333 0.521212121212121 24 1
-2.345122 29.637055 -38967.2692307692 0 26 1
-2.343529 30.699 -24553.28 0 25 1
-2.338016 29.123901 40979.4 0 25 1
-2.336048 30.288211 -14136.76 0 25 1
-2.330726 29.916747 -32118.3333333333 0 24 1
-2.330626 29.456503 -55054.4615384615 0 26 1
-2.327561 29.047354 -39787.08 0 25 1
-2.32428 29.24687 -21385.16 0 25 1
-2.323776 29.185491 -43673.6923076923 0 26 1
-2.32237 30.509814 -36881.1538461538 0 26 1
-2.316523 30.576136 -32700.96 0 25 1
-2.312788 30.080022 -36427.4230769231 0 26 1
-2.305046 30.628462 -27752.6538461538 0 26 1
-2.298738 29.74197 -77706.5769230769 0.352941176470588 26 1
-2.296489 30.015236 287.846153846154 0 26 1
-2.291395 29.163522 -54345.9615384615 0 26 1
-2.287563 30.117009 -22207.3846153846 0 26 1
-2.281564 29.67166 -36044.9166666667 0 24 1
-2.280823 29.698357 -32456.6923076923 0.0962566844919786 26 1
-2.279316 29.478823 -55539.64 0 25 1
-2.278544 29.619121 -28990.96 0 25 1
-2.27699 29.801138 -32757.3076923077 0.197860962566845 26 1
-2.276934 30.036967 -26615 0 25 1
-2.275269 30.632707 -2961.38461538462 0 26 1
-2.267461 29.815544 -11880.1538461538 0.294117647058824 26 1
-2.262296 29.877543 -33876.2 0 25 1
-2.260028 30.199794 -20299.5769230769 0 26 1
-2.256404 29.686877 -28865.3461538462 0 26 1
-2.253763 29.818389 -48735.5769230769 0.323529411764706 26 1
-2.250716 30.811263 -23366.44 0 25 1
-2.24475 30.369448 -41720.9090909091 0 22 1
-2.243706 30.545879 -33194.76 0 25 1
-2.242963 30.112396 -39536.1538461538 0 26 1
-2.238794 29.370061 -38202.7692307692 0 26 1
-2.237258 29.1907 -41951.0833333333 0 24 1
-2.235567 30.535659 -13666.7307692308 0 26 1
-2.230972 30.83127 -25191.9615384615 0 26 1
-2.22724 29.413435 -61342.9615384615 0 26 1
-2.226654 30.421977 -27142.9615384615 0 26 1
-2.224453 30.731484 -15426.4615384615 0 26 1
-2.223684 29.553908 -36157.3076923077 0 26 1
-2.217614 29.610967 -28626.96 0 25 1
-2.214713 30.727983 -26475.0769230769 0 26 1
-2.213988 30.59361 -30973.0384615385 0.101010101010101 26 1
-2.212707 29.921206 -33219.2 0 25 1
-2.21051 29.83616 -22843.6153846154 0.247474747474747 26 1
-2.208816 29.628509 -28782.08 0 25 1
-2.206809 29.819907 -48500.1923076923 0.277777777777778 26 1
-2.203129 30.51851 14183.64 0.46969696969697 25 1
-2.202149 30.139568 -2745.11538461538 0 26 1
-2.198356 29.948676 -32952.9166666667 0 24 1
-2.198063 30.500769 -40506.4615384615 0.444976076555024 26 1
-2.196906 29.705179 -22505.9230769231 0.217171717171717 26 1
-2.193395 30.012104 -23299.0769230769 0.0606060606060606 26 1
-2.191645 29.290962 -21803.5416666667 0 24 1
-2.19057 29.944765 -27832.32 0 25 1
-2.189393 29.376622 -41976 0 25 1
-2.188292 29.774608 -77098.3846153846 0.0947368421052632 26 1
-2.187308 29.392258 -36126.52 0 25 1
-2.183866 30.180127 -14001.6923076923 0 26 1
-2.180477 29.423007 -21073.28 0 25 1
-2.179344 30.620858 -14177.4615384615 0.172222222222222 26 1
-2.171266 30.018541 -41692.36 0.315789473684211 25 1
-2.16145 29.254779 -41527.875 0 24 1
-2.159884 30.033763 -37484 0.344497607655502 26 1
-2.159511 29.641706 -27699.04 0 25 1
-2.156734 29.58157 -40423.6153846154 0 26 1
-2.154319 29.592663 -24348.76 0 25 1
-2.149959 30.850353 -44703.6923076923 0 26 1
-2.144317 30.348895 -38764.6923076923 0 26 1
-2.142409 30.096497 -18327.8846153846 0.327272727272727 26 1
-2.139863 29.690493 -36519.2692307692 0.318181818181818 26 1
-2.138187 30.441904 -25417.3076923077 0.385714285714286 26 1
-2.136239 30.664806 -43987.6153846154 0 26 1
-2.134998 30.477437 -31725.5769230769 1.15 26 1
-2.1345 30.32137 -32905.1923076923 0 26 1
-2.130811 29.677116 -41081.3461538462 0.490909090909091 26 1
-2.129858 30.23213 -31677.2692307692 0 26 1
-2.1252 29.467963 -31883.6538461538 0 26 1
-2.124417 30.304729 -33292.88 0 25 1
-2.119264 30.591072 13290.1153846154 0.87012987012987 26 1
-2.11641 29.534499 -22439.0769230769 0 26 1
-2.116178 29.813837 -36896.3076923077 0.974025974025974 26 1
-2.116101 30.450414 -41444.1153846154 0.432900432900433 26 1
-2.113522 29.758143 -84599 1.12121212121212 25 1
-2.107306 29.974036 -15530 0 23 1
-2.106086 29.896746 -26704.12 0 25 1
-2.104501 29.436317 -42710.5384615385 0.0285714285714286 26 1
-2.099755 30.481972 -31978.72 0.489177489177489 25 1
-2.09954 30.622315 -18299 0.413223140495868 25 1
-2.09527 30.738608 17879.0384615385 0 26 1
-2.089516 29.390751 -26302.12 0.207792207792208 25 1
-2.084839 29.405355 -26522.04 0.198347107438017 25 1
-2.083065 29.756049 121657 1.47520661157025 23 1
-2.08 29.690313 -32051.5769230769 1.62272727272727 26 1
-2.075995 29.439541 -26203.8461538462 0.0247933884297521 26 1
-2.075481 29.740522 113636.666666667 1.41106719367589 24 1
-2.075093 29.587154 -45458.76 0 25 1
-2.072847 30.824889 -53824.7307692308 0 26 1
-2.066574 30.510362 2730.66666666667 0.0474308300395257 24 1
-2.05891 30.375953 1929.2 0 25 1
-2.057712 29.909006 -30074.88 0 25 1
-2.057154 30.045359 -20077.4 0.99604743083004 25 1
-2.054273 29.762236 -87957 1.19583333333333 26 1
-2.052887 29.426793 -37089.32 0.16600790513834 25 1
-2.042049 29.812083 -21678.6923076923 0.863636363636364 26 1
-2.040137 30.029044 -4969.65384615385 2.22727272727273 26 1
-2.038559 30.365968 -21918.3846153846 0 26 1
-2.038221 30.310015 56751 0.075 25 1
-2.036917 30.114591 -5027.23076923077 3.12083333333333 26 1
-2.036767 29.975852 -38972.48 1.30416666666667 25 1
-2.036321 30.567216 -10195.4 0 25 1
-2.035534 29.419156 -52237.2916666667 0.181818181818182 24 1
-2.029782 30.246107 3231.96 0.970833333333333 25 1
-2.026905 29.801989 -40408.0384615385 0.371212121212121 26 1
-2.021185 29.713286 -42727.8 0.183333333333333 25 1
-2.021018 30.651838 -22379.3076923077 0 26 1
-2.019624 29.694921 -22797.04 0.16 25 1
-2.015934 29.914014 -32414.9230769231 0.683636363636364 26 1
-2.006624 30.179611 22599.8 7.88111888111888 25 1
-2.005244 29.770131 -20769.2 0 25 1
-2.003313 30.043979 99093.2307692308 11.5461538461538 26 1
-1.999938 29.886086 -34550.24 0.405594405594406 25 1
-1.99905 30.545979 82060.75 0.041958041958042 24 1
-1.997883 29.631617 -47216.12 0 25 1
-1.995445 29.41455 -30088.8076923077 0 26 1
-1.995232 30.200461 99766.0833333333 8.36296296296296 24 1
-1.993914 30.064323 229438.730769231 17.2412587412587 26 1
-1.993737 30.511028 -27839 0.356643356643357 26 1
-1.993029 29.976325 13836.6666666667 9.55244755244755 24 1
-1.992365 30.31009 -3778.07692307692 0.909090909090909 26 1
-1.992058 30.324192 4106.88461538462 0.824915824915825 26 1
-1.990186 30.098831 236797.692307692 17.3973063973064 26 1
-1.986546 30.144486 101944.423076923 18.8316498316498 26 1
-1.984379 30.114562 316641.615384615 20.1346801346801 26 1
-1.984298 30.124576 336311.363636364 19.9427609427609 22 1
-1.983305 30.027391 401678.038461538 17.5791245791246 26 1
-1.981685 30.091802 188429.538461538 20.1515151515152 26 1
-1.980913 30.183944 105541 12.9393939393939 26 1
-1.979686 30.140415 237172.346153846 20.4111111111111 26 1
-1.978592 30.061431 222058.230769231 21 26 1
-1.97753 29.570432 -52762.28 0 25 1
-1.977357 30.058601 279532.153846154 21.7205387205387 26 1
-1.977328 30.072169 178672.692307692 22.2996632996633 26 1
-1.976122 30.094821 244134.884615385 21.8474025974026 26 1
-1.975932 30.041413 259967.115384615 20.952861952862 26 1
-1.975464 30.088097 189714.230769231 21.8214285714286 26 1
-1.975029 29.927419 -14971.4615384615 3.67003367003367 26 1
-1.974834 30.111135 251227.96 21.8019480519481 25 1
-1.974412 30.089289 168028.538461538 21.8214285714286 26 1
-1.974003 30.041225 229116.04 20.952861952862 25 1
-1.972804 29.644635 -47305.5 0 26 1
-1.970528 30.056039 254739.28 22.6035714285714 25 1
-1.970013 30.037682 165345.913043478 21.7892857142857 23 1
-1.968977 30.063375 133839.769230769 23.0551948051948 26 1
-1.96783 30.441541 45167.5384615385 0.740740740740741 26 1
-1.967409 29.404675 -28432.375 0 24 1
-1.965807 30.221206 118229.076923077 8.26298701298701 26 1
-1.964067 30.60644 -482.192307692308 0 26 1
-1.963772 30.032885 43343.76 21.1849529780564 25 1
-1.963233 29.331311 -41320.4 0 25 1
-1.962997 30.118024 249646.076923077 24.9071428571429 26 1
-1.962138 30.037816 189509.807692308 23.5607142857143 26 1
-1.961753 30.148305 223722.346153846 23.1678571428571 26 1
-1.958832 30.527585 -11762.8846153846 0.548701298701299 26 1
-1.957099 30.056542 225304.153846154 23.3636363636364 26 1
-1.956508 30.047549 167669.6 23.0689655172414 25 1
-1.95637 30.104393 238072.76 24.5779220779221 25 1
-1.956045 30.287383 -18484.9230769231 1.66558441558442 26 1
-1.955189 30.011056 85041.12 20.3040752351097 25 1
-1.954886 30.366392 11177.6538461538 0.758620689655172 26 1
-1.954061 30.077749 209718.608695652 25.2379310344828 23 1
-1.95365 30.139626 280225 23.8620689655172 26 1
-1.951477 30.05303 229831.653846154 23.5454545454545 26 1
-1.951422 30.266767 12931.6153846154 2.66457680250784 26 1
-1.95007 30.141162 2911.375 22.8181818181818 24 1
-1.949707 30.111272 312536.541666667 24.1692789968652 24 1
-1.949591 30.440808 190327 0.746081504702194 25 1
-1.948766 29.797733 -20445.92 0 25 1
-1.948529 30.375445 -23967.2692307692 0.727272727272727 26 1
-1.946122 30.423228 17772.04 0.820689655172414 25 1
-1.945 30.048865 209342.730769231 24.6448275862069 26 1
-1.944706 30.063279 253418.692307692 22.9666666666667 26 1
-1.944695 30.027642 224841.708333333 21.8242424242424 24 1
-1.941357 30.117212 211719.12 23.5391849529781 25 1
-1.941192 29.879028 -16304.0384615385 1.19393939393939 26 1
-1.940534 30.055079 147476.12 22.7848484848485 25 1
-1.940151 30.144472 339047.153846154 21.6272727272727 26 1
-1.940063 30.091425 281175.038461538 23.9968652037618 26 1
-1.937687 30.047714 245583.269230769 23.0433333333333 26 1
-1.936839 30.035471 222047.208333333 22.73 24 1
-1.935941 30.687219 -39919.5769230769 0 26 1
-1.932437 30.485088 -45929.56 0.768328445747801 25 1
-1.929019 29.892945 -18182.6666666667 2 24 1
-1.928739 29.743956 -29730.28 0 25 1
-1.928112 29.606201 -36742.1538461538 0 26 1
-1.927927 30.175814 9659.88461538462 15.3343108504399 26 1
-1.927856 29.604681 -47568.2083333333 0 24 1
-1.922246 29.821522 -23566.4615384615 0 26 1
-1.921521 30.0644 256639.260869565 18.9193548387097 23 1
-1.920579 29.37916 -14363.96 0 25 1
-1.920349 30.074494 267001.72 18.9645161290323 25 1
-1.920057 29.453208 -43821.84 0 25 1
-1.919394 30.063068 253794.875 17.0880681818182 24 1
-1.919092 30.580089 -37086.4 0.136363636363636 25 1
-1.918798 30.449934 24485.96 0.674486803519062 25 1
-1.91576 30.103002 40526.2307692308 17.1420454545455 26 1
-1.912341 29.512758 -37909.8 0 25 1
-1.911204 29.688088 -28880.12 0 25 1
-1.90769 29.912656 -25209.9615384615 3.82102272727273 26 1
-1.898147 30.04978 70847.3076923077 11.8925619834711 26 1
-1.896964 30.078518 228312.16 11.5588235294118 25 1
-1.895365 30.485651 9973.4 0.311764705882353 25 1
-1.894967 30.051481 -2125.76923076923 10.1147058823529 26 1
-1.888155 29.478298 -44972.4166666667 0 24 1
-1.886756 29.879609 -16191.8076923077 0.961764705882353 26 1
-1.884319 29.559903 -51976.8076923077 0 26 1
-1.879629 30.342756 -24058.5 0.0171428571428571 26 1
-1.877191 29.313049 -16607.0384615385 0 26 1
-1.873284 29.402976 -45824.6538461538 0 26 1
-1.869571 29.710591 -21781.72 0 25 1
-1.869094 29.804758 -1196.92 0 25 1
-1.868541 30.586832 -22063.3846153846 0.106060606060606 26 1
-1.860849 30.288849 35865.5 0.267942583732057 24 1
-1.859734 29.79074 -14927.0384615385 0 26 1
-1.85497 30.558896 -28713.9230769231 0.0153846153846154 26 1
-1.853775 30.05054 -31981.7307692308 2.06153846153846 26 1
-1.850826 29.340078 -32882.0416666667 0 24 1
-1.850256 29.364529 -30153.5416666667 0 24 1
-1.844282 29.411107 -32556.1666666667 0 24 1
-1.843207 29.783921 -34120.3076923077 0 26 1
-1.842713 29.96173 -7287.24 1.225 25 1
-1.836542 30.095517 -22375.64 0.860310421286031 25 1
-1.833858 30.310689 -42157.3846153846 0.012987012987013 26 1
-1.827347 30.235609 -14241.4615384615 0.287878787878788 26 1
-1.826784 29.723557 -30426.5 0 24 1
-1.826279 29.500459 -52093.8 0 25 1
-1.825845 30.143684 -24441.0384615385 0.503171247357294 26 1
-1.822141 29.636262 -36851.8846153846 0 26 1
-1.820759 29.310801 -24113.1538461538 0 26 1
-1.817948 29.590006 -47809.6923076923 0 26 1
-1.817924 29.518657 -51390.8 0 25 1
-1.816872 30.410905 -23050.6153846154 0 26 1
-1.815346 29.320772 -54032.44 0 25 1
-1.81395 29.84271 -14932.6 0 25 1
-1.807319 30.195201 -9926.48 0.134387351778656 25 1
-1.805823 30.046599 -36092.8461538462 0.134387351778656 26 1
-1.805389 29.375352 -24022.16 0 25 1
-1.799602 30.358161 -42906.4230769231 0 26 1
-1.798374 29.278809 -56354.8461538462 0.0227272727272727 26 1
-1.792265 30.482348 25972.6 0 25 1
-1.79213 29.624638 -37811.64 0 25 1
-1.789266 30.177475 -26117.3846153846 0.0109090909090909 26 1
-1.786748 29.94159 -25897.3461538462 0 26 1
-1.784873 29.609929 -47771.9230769231 0 26 1
-1.784853 30.496993 -23931.6153846154 0 26 1
-1.782677 30.080122 6186.15384615385 0 26 1
-1.777182 30.044029 -17017 0 26 1
-1.774679 30.154405 -15380.48 0 25 1
-1.772094 29.521851 142710.52173913 0 23 1
-1.769425 29.967649 -13673 0 26 1
-1.768636 29.799135 -39640.6 0 25 1
-1.768044 30.163513 -32220.5 0 26 1
-1.76192 29.91315 -27785.8846153846 0 26 1
-1.761856 29.338515 -36505.7307692308 0.529824561403509 26 1
-1.756319 29.582376 -33180.6923076923 0 26 1
-1.756264 29.970729 -41679.7307692308 0 26 1
-1.744176 30.366519 -23261.2307692308 0 26 1
-1.740335 29.665067 -42511.32 0 25 1
-1.735861 30.00618 -41987 0 26 1
-1.735648 30.350218 -35268.0769230769 0 26 1
-1.733422 29.595184 -35207.4583333333 0 24 1
-1.728849 29.754761 -35150.1923076923 0 26 1
-1.728739 29.350226 -51140.8461538462 1.7231884057971 26 1
-1.728407 30.328502 -29715.0769230769 0 26 1
-1.72681 29.303076 37507.9615384615 2.02207792207792 26 1
-1.726329 29.499088 -44154.5384615385 1.54018445322793 26 1
-1.724432 30.446297 -31735.3461538462 0 26 1
-1.723058 29.505491 70289.76 1.49679897567222 25 1
-1.72052 29.646694 -32275.6538461538 0 26 1
-1.719926 29.555812 -34462.5 0.493055555555556 26 1
-1.71183 30.367698 -33538 0 26 1
-1.704489 29.8202 -35619.2 0 25 1
-1.703399 29.256782 173850.041666667 2.76666666666667 24 1
-1.699055 29.750063 -40418.0769230769 0 26 1
-1.697388 29.637663 -24737.6538461538 0.102536997885835 26 1
-1.696857 29.948877 -25090.6 0 25 1
-1.69445 29.29384 -33234.1538461538 2.88610240334378 26 1
-1.693164 29.370811 -61491 2.85330578512397 26 1
-1.688129 30.076672 -24527.5384615385 0 26 1
-1.688078 30.291257 -46254.1923076923 0 26 1
-1.681372 29.321231 -38654.3846153846 2.67903525046382 26 1
-1.680382 29.265095 271220.038461538 2.65197428833792 26 1
-1.679763 29.704893 -28349.3846153846 0 26 1
-1.677144 29.300913 -59104.6153846154 2.66606660666067 26 1
-1.676442 30.137929 -33949.2 0 25 1
-1.676138 29.872053 -37127.125 0 24 1
-1.67449 29.559536 -37134.56 2.58916083916084 25 1
-1.671156 29.948958 -28978.64 0 25 1
-1.670937 29.35863 -50170 2.64392523364486 26 1
-1.668376 29.902769 -37814.6538461538 0 26 1
-1.663928 30.03893 -38619.7307692308 0 26 1
-1.658179 29.337824 -37416.96 2.13049853372434 25 1
-1.657965 29.451026 -107.88 2.13049853372434 25 1
-1.657813 29.557036 -41551.0384615385 2.13049853372434 26 1
-1.657729 29.481978 9068.07692307692 2.13049853372434 26 1
-1.655143 29.684502 -42345.72 1.94744318181818 25 1
-1.65317 30.391795 -38408.8846153846 0 26 1
-1.64984 29.618431 -43503.88 1.83609820836098 25 1
-1.649106 30.070285 -28248.96 0 25 1
-1.647931 29.487905 -46834.2692307692 1.79675324675325 26 1
-1.643778 30.307225 -34814.7307692308 0.0110565110565111 26 1
-1.640578 29.322453 -24175.4615384615 1.51298701298701 26 1
-1.64012 29.920405 -44041.4615384615 0.0839160839160839 26 1
-1.6394 29.386458 -19271.5 1.4746835443038 26 1
-1.638167 30.448602 -8406.30769230769 0.01125 26 1
-1.637594 29.633267 -43119.08 1.37453416149068 25 1
-1.635746 30.134193 -30968.6923076923 0.0246440306681271 26 1
-1.633816 29.767421 -40692.1538461538 1.26475279106858 26 1
-1.631954 29.806688 -49504.72 1.21952479338843 25 1
-1.631198 30.363397 8658.38461538462 0.0229826353421859 26 1
-1.627679 29.362558 -47826.3076923077 1.04832535885167 26 1
-1.616108 29.882843 -22875.6923076923 0.781512605042017 26 1
-1.611658 29.517243 -46496.36 0.654924242424242 25 1
-1.610184 29.4579 30531.25 0.680262703076391 24 1
-1.607969 29.949778 -30488.12 0.677600749765698 25 1
-1.606749 30.427247 -12096 0.596656217345872 26 1
-1.604421 29.663306 -40472.5 0.546623794212219 26 1
-1.597761 29.969942 -42074.6538461538 0.573446327683616 26 1
-1.597075 29.375018 -37429.6153846154 0.569169960474308 26 1
-1.59673 29.383047 -52475.4615384615 0.552615384615385 26 1
-1.595625 29.571792 -49933.4230769231 0.56864406779661 26 1
-1.59213 29.472792 -11762.2083333333 0.608371854134566 24 1
-1.585452 30.309967 72620 0.678222907036466 26 1
-1.584633 29.745352 -33246.7692307692 0.678222907036466 26 1
-1.583996 29.814668 -44733.2692307692 0.678222907036466 26 1
-1.574011 30.018136 -73869.2307692308 0.776579352850539 26 1
-1.570421 29.44361 -25081.5 0.818079096045198 26 1
-1.569436 29.702884 -42137.875 0.898561890087314 24 1
-1.559758 29.558065 -10767.1923076923 1.03133025166923 26 1
-1.555831 29.883326 -54108.4230769231 1.03133025166923 26 1
-1.554227 29.923283 -39920.12 1.0861581920904 25 1
-1.553064 29.788937 -41834.8461538462 1.14381099126862 26 1
-1.552253 29.755848 -22149.08 1.14381099126862 25 1
-1.547463 29.6574 -22482.2307692308 1.14381099126862 26 1
-1.547196 30.046899 -24923.6538461538 1.14381099126862 26 1
-1.542048 30.148021 -53273.5 1.31325301204819 26 1
-1.53765 29.626807 -31580.2307692308 1.39352750809061 26 1
-1.536608 30.248538 -13521.1153846154 1.57965517241379 26 1
-1.532891 29.896194 -40831.4230769231 1.52112676056338 26 1
-1.528342 29.603571 -49309.5384615385 1.77952755905512 26 1
-1.526805 29.577855 -21876.6153846154 1.80222634508349 26 1
-1.526269 29.62421 -34616.4230769231 1.82456799398948 26 1
-1.525719 29.831876 115110.92 1.84747052111069 25 1
-1.525402 29.393545 -26932.72 1.85523300229183 25 1
-1.523984 29.698213 -36205.9230769231 1.9197628458498 26 1
-1.522252 29.97244 -37292.4230769231 1.98361998361998 26 1
-1.520894 29.663135 9426.30769230769 2.13796296296296 26 1
-1.506785 29.937149 -27717.36 1.4047619047619 25 1
-1.505122 30.218895 -26986.8461538462 0.22450110864745 26 1
-1.501343 29.63039 138335.846153846 2.65675990675991 26 1
-1.489671 29.923061 -19135.2307692308 0.276828434723172 26 1
-1.487486 29.629335 28657.7692307692 2.89076923076923 26 1
-1.486921 29.488298 -51821.9230769231 2.9359375 26 1
-1.48276 29.779362 -21118.8076923077 0.748137108792846 26 1
-1.477276 30.260112 -26732.68 0.00474308300395257 25 1
-1.467539 29.608849 -40829.2307692308 2.18614718614719 26 1
-1.464185 30.188365 -12049.9615384615 0.0213903743315508 26 1
-1.444471 29.509372 -33135.64 1.06524064171123 25 1
-1.441507 30.422287 -27874.9615384615 0 26 1
-1.441294 30.063765 -21750.2 0.025974025974026 25 1
-1.43971 30.322471 22093.7307692308 0.0266075388026608 26 1
-1.439182 29.710516 -28243.6153846154 0.134146341463415 26 1
-1.436562 30.01549 -18070.92 0.0269360269360269 25 1
-1.433624 29.62412 -22498.92 0.110471806674338 25 1
-1.430599 29.67574 -36183.08 0.0602125147579693 25 1
-1.429948 30.295583 -31339.7692307692 0.0315789473684211 26 1
-1.41364 29.73784 -23991.52 0.0320855614973262 25 1
-1.407466 29.717139 -40006.5769230769 0.00814111261872456 26 1
-1.407318 30.255418 -4309.76923076923 0.0330578512396694 26 1
-1.40633 30.061457 -23145.2307692308 0.0330578512396694 26 1
-1.398027 29.694173 -39976.6818181818 0 22 1
-1.396914 30.1187 -33751.7692307692 0.0351906158357771 26 1
-1.386951 29.833824 -49279.9615384615 0.0305084745762712 26 1
-1.382059 30.186242 -29017.4230769231 0.0282131661442006 26 1
-1.37575 29.866844 -35036.08 0 25 1
-1.361823 30.28163 -15945.52 0 25 1
-1.358829 29.813962 -26145.6 0 25 1
-1.355377 30.414937 35034.4 0 25 1
-1.319535 30.218336 -28297.6 0.116279069767442 25 1
-1.297459 30.242161 -19898.8 0.125 25 1
-1.275019 30.381223 4932.28 0.135135135135135 25 1
-1.224948 30.414024 23996.6923076923 0 26 1
-1.100359 30.389542 -17932.6 0 25 1
-1.099347 30.414611 -16208.44 0 25 1
