"lat" "lon" "cons" "nl" "n" "sample"
-16.9855 35.2499 0.0108713883330079 0.0368550368550369 15 1
-16.952974 35.203069 0.0120983419266581 0.502673796791444 1 1
-16.943264 35.262911 0.0146647690260765 0.602272727272727 1 1
-16.934744 35.248479 0.0685236376582263 0.616477272727273 1 1
-16.6 34.9673 0.0133621331781325 0 21 1
-16.565765 34.917394 0.00344040805673712 0 1 1
-16.516117 34.892284 0.0111733346874561 0.472727272727273 1 1
-16.510482 34.990685 0.0310426061313191 0 1 1
-16.468463 34.876115 0.0292282090195687 1.53333333333333 1 1
-16.44548 34.885878 0.0584100347485856 1.80714285714286 1 1
-16.3153 34.6917 0.00870964100490896 0 18 1
-16.3024 35.0298 0.0101738741900576 0 17 1
-16.302158 35.180701 0.0100654891413498 0 1 1
-16.280007 35.126179 0.00737500216432422 0 1 1
-16.2669 34.8952 0.0107931534539592 5.12121212121212 13 1
-16.25722 34.999771 0.0239378474555859 0 1 1
-16.250927 34.92637 0.0591443189645013 3.25874125874126 1 1
-16.248542 35.171626 0.0139694353926987 0 1 1
-16.2456 35.1789 0.0133137320236926 0 15 1
-16.244051 35.035512 0.0260633002173562 0 1 1
-16.237161 34.914407 0.112227608830173 4.275 1 1
-16.234545 34.850633 0.0127937433868608 3.81118881118881 1 1
-16.1982 35.158 0.0166541909273474 0.370629370629371 18 1
-16.170324 34.918406 0.0159061788022338 0 1 1
-16.161615 34.956935 0.0128574708997581 0 1 1
-16.155 35.1218 0.0189089154139522 1.28333333333333 14 1
-16.133781 35.056042 0.0551928989703543 0.939393939393939 1 1
-16.133422 34.892603 0.014243075296861 0 1 1
-16.123843 35.341688 0.0320709138767039 0 1 1
-16.117742 35.526779 0.009363156758939 0 1 1
-16.1134 35.4092 0.0085704319118043 0 15 1
-16.104966 35.474296 0.0165147501159105 0 1 1
-16.103328 34.514921 0.0166379715465309 0 1 1
-16.099267 35.436203 0.00795949515591555 0 1 1
-16.093384 35.204566 0.0186418571612017 0.446969696969697 1 1
-16.091168 35.43689 0.0109700132574491 0 1 1
-16.088 35.0681 0.0170144471495832 0.709090909090909 15 1
-16.085984 35.088249 0.00734556241073567 1.32575757575758 1 1
-16.0832 35.5824 0.012542453948314 0 16 1
-16.080435 35.211187 0.0194637629466272 0.166666666666667 1 1
-16.07217 35.108012 0.0481210713871531 2.22314049586777 1 1
-16.06803 34.785003 0.0354758567931125 1.54545454545455 1 1
-16.066702 35.11005 0.0253485608003925 2.03305785123967 1 1
-16.066438 35.108358 0.0581538803127197 2.03305785123967 1 1
-16.062135 34.795216 0.0522046642403367 1.55833333333333 1 1
-16.061038 35.737369 0.0236061568756158 4.14393939393939 1 1
-16.058464 35.584214 0.0167812805480757 0 1 1
-16.0579 35.2362 0.0152341184171168 0 12 1
-16.056869 35.534726 0.0133320032469858 1.0495867768595 1 1
-16.054588 35.635999 0.00928504652769509 0.1 1 1
-16.053343 35.271643 0.0121156863888401 0.216666666666667 1 1
-16.038367 35.025675 0.0130113530812519 0 1 1
-16.037822 35.384394 0.00856068313468395 0 1 1
-16.0375 35.3545 0.0114545543373436 0.475 20 1
-16.032848 35.293251 0.0150429086140611 1.14876033057851 1 1
-16.031889 35.422877 0.0130877204266785 0.264462809917355 1 1
-16.024609 35.478691 0.017160342174281 2.07575757575758 1 1
-16.024386 35.258037 0.0238184242067937 0.512396694214876 1 1
-16.0204 34.9201 0.01504420028003 0 15 1
-16.018512 35.464713 0.166627964325391 1.8099173553719 1 1
-16.017386 35.261047 0.00529515791254784 0.512396694214876 1 1
-16.01637 35.713838 0.00899120516998348 0.942148760330578 1 1
-16.015236 35.773663 0.0153424834158238 0.0578512396694215 1 1
-16.013893 35.293688 0.0176689168290354 1.14876033057851 1 1
-16.0123 34.9535 0.0121063164013708 0 17 1
-16.010308 35.467776 0.0117444812925501 1.8099173553719 1 1
-16.0066 35.322 0.02428598053107 1.14876033057851 15 1
-16.005 35.1013 0.0234287459484106 0.1 11 1
-15.998132 34.819332 0.0282415281783469 1.10743801652893 1 1
-15.994325 35.487081 0.00930224481393402 1.93939393939394 1 1
-15.988499 35.363592 0.0161859931628748 0.165289256198347 1 1
-15.980984 35.174555 0.0634384679423654 0 1 1
-15.978418 35.476019 0.0146135500285345 1.59090909090909 1 1
-15.967406 35.465482 0.0109374337961738 0.925619834710744 1 1
-15.965559 35.07003 0.0124631370441503 1.36363636363636 1 1
-15.965 35.4421 0.0113462693037727 0.59504132231405 14 1
-15.952257 35.436905 0.0210172554047221 0.0991735537190083 1 1
-15.9499 35.1136 0.0154090456781085 1.35537190082645 17 1
-15.914324 34.961249 0.0249429972961235 0.347107438016529 1 1
-15.913771 35.148021 0.0610772402100502 0.256198347107438 1 1
-15.909034 35.192148 0.0207552277976883 2.73553719008264 1 1
-15.906184 35.101084 0.0497392161250505 3.88429752066116 1 1
-15.898449 35.16737 0.0146113417383401 1.35537190082645 1 1
-15.897308 35.120092 0.0209246004688889 2.72727272727273 1 1
-15.885816 35.059653 0.020354102161348 10.3719008264463 1 1
-15.885185 34.961286 0.00451570341457951 2.34710743801653 1 1
-15.876414 35.098119 0.040418826082881 8.78512396694215 1 1
-15.875842 34.780113 0.0220718671247175 1.47933884297521 1 1
-15.870002 35.058587 0.0394307579376292 14.0363636363636 1 1
-15.860071 35.055755 0.00687731365554762 20.3388429752066 1 1
-15.860048 35.050407 0.00705322716601704 21.0578512396694 1 1
-15.856748 35.119812 0.0238124517832511 7.19834710743802 1 1
-15.8552 35.0737 0.0148954231666528 18.2809917355372 13 1
-15.850299 35.073392 0.0150936573819262 21.3719008264463 1 1
-15.849072 35.097632 0.0569473439925615 14.0165289256198 1 1
-15.847396 35.079975 0.0145861705890662 19.3884297520661 1 1
-15.84634 35.048533 0.0124612275812144 27.4727272727273 1 1
-15.845963 35.249415 0.0128722652185752 0.463636363636364 1 1
-15.844523 35.022847 0.0422551646821715 29.8842975206612 1 1
-15.841992 35.069496 0.00505891189934069 26.4462809917355 1 1
-15.841818 34.984121 0.0232063452178926 18.0743801652893 1 1
-15.841457 35.049213 0.0210834132601587 29.7190082644628 1 1
-15.841289 35.046927 0.00834147901343273 29.7190082644628 1 1
-15.839186 35.054181 0.0343979409840349 29.9181818181818 1 1
-15.837184 35.048059 0.0152221788858499 32.1363636363636 1 1
-15.836781 35.006549 0.0435518476211874 28.1 1 1
-15.836188 35.073382 0.0152663923435302 27.1570247933884 1 1
-15.83451 35.007835 0.00963415435288974 30.4132231404959 1 1
-15.834363 34.989494 0.0242797920751058 24.6611570247934 1 1
-15.834211 35.043033 0.00943628089323459 35.0247933884297 1 1
-15.833077 35.056882 0.0489508716543032 31.8677685950413 1 1
-15.832883 35.002687 0.0599230125694961 27.6446280991736 1 1
-15.832219 35.012515 0.0137822513561947 32.1 1 1
-15.831818 35.047288 0.0243378652814756 33.7685950413223 1 1
-15.829973 35.025275 0.0283790973904317 37.6363636363636 1 1
-15.8295 35.2618 0.0169495522668974 0 16 1
-15.829293 35.022736 0.145708588244483 37.6363636363636 1 1
-15.8284 35.3532 0.0108049965700278 0 15 1
-15.8271 35.0484 0.0122899147498039 37.396694214876 14 1
-15.8248 34.8375 0.0149045756570205 0 18 1
-15.824537 35.012556 0.0209768533872251 36.8636363636364 1 1
-15.8234 35.0885 0.0267552064839096 22.3388429752066 10 1
-15.823102 35.380625 0.0100367021306628 0 1 1
-15.822822 35.103634 0.012188719782227 15.8818181818182 1 1
-15.8214 35.0129 0.080746335324162 39.91 16 1
-15.821102 35.068773 0.0440896984476502 34.7090909090909 1 1
-15.817933 35.075653 0.0236560454942356 31.4297520661157 1 1
-15.817666 34.99723 0.0154942940656038 36.0495867768595 1 1
-15.816073 35.045904 0.016563878176455 42.4272727272727 1 1
-15.815667 34.989082 0.00409241682740546 32.5454545454545 1 1
-15.815239 35.017508 0.20302876623054 41.7272727272727 1 1
-15.81351 35.082111 0.0144750829684909 27.6942148760331 1 1
-15.812064 35.040732 0.0756319626062306 45.3818181818182 1 1
-15.810942 34.992806 0.0260690795172635 36.0909090909091 1 1
-15.8105 35.0913 0.0176715512307828 24.2892561983471 13 1
-15.809487 35.154647 0.00632890846963525 1.07272727272727 1 1
-15.8086 35.0572 0.0597748044178224 39.8925619834711 16 1
-15.807328 35.097268 0.00796112402881041 19.9752066115702 1 1
-15.805679 34.990508 0.0525840134218319 36.0909090909091 1 1
-15.80475 35.027421 0.0492108418834429 49.4909090909091 1 1
-15.798203 35.635948 0.0231529144114557 0 1 1
-15.796125 35.108204 0.0089970016476936 15.7090909090909 1 1
-15.795927 35.094084 0.0244985409816789 24.3909090909091 1 1
-15.7926 35.0838 0.0163540077499513 28.0413223140496 14 1
-15.791256 35.15837 0.00987065306890758 0.950413223140496 1 1
-15.789146 35.037568 0.0237893382631152 49.4909090909091 1 1
-15.786311 34.970737 0.030566458036213 29.7090909090909 1 1
-15.783138 35.337909 0.012441421449571 0 1 1
-15.783109 35.05611 0.00899715433520285 40.099173553719 1 1
-15.782224 35.035944 0.0112195222594783 49.3884297520661 1 1
-15.782079 34.986765 0.0238571027161498 40.2727272727273 1 1
-15.7776 35.0402 0.0206359365800644 45.9421487603306 13 1
-15.775842 35.086711 0.0132714563584718 23.2090909090909 1 1
-15.775665 35.079666 0.0315519993198207 27.6 1 1
-15.774929 35.087924 0.0153242200076847 23.2090909090909 1 1
-15.774544 35.079993 0.0065665356527996 25.2892561983471 1 1
-15.774343 35.021132 0.0113859432879992 50.1363636363636 1 1
-15.770697 35.024294 0.0170073493018579 48.6363636363636 1 1
-15.7695 34.9969 0.0177708329546892 42.6115702479339 15 1
-15.768194 35.013493 0.124274286660862 46.4545454545455 1 1
-15.76737 35.004669 0.0137723282030032 45.5363636363636 1 1
-15.764418 35.060038 0.0414530637584152 36.6446280991736 1 1
-15.764043 35.233509 0.0333290897321506 0 1 1
-15.760625 34.988857 0.030899006300658 37.2809917355372 1 1
-15.758234 35.050017 0.0107986178733045 37.9256198347107 1 1
-15.7545 35.0446 0.0208771089985137 39.5636363636364 16 1
-15.7536 34.9929 0.0227213891557757 36.6363636363636 13 1
-15.750978 35.011747 0.0139666128290387 41.4454545454545 1 1
-15.749475 35.08123 0.0374131769378395 19.7851239669421 1 1
-15.740085 35.004625 0.048124063540043 36.7727272727273 1 1
-15.738503 35.014054 0.0759683571907053 36.6776859504132 1 1
-15.737778 35.142716 0.080269379754149 2.56363636363636 1 1
-15.737736 35.063467 0.0341053281989683 23.0363636363636 1 1
-15.737 34.3852 0.0137889486695102 0 15 1
-15.734609 34.82866 0.0125345272062752 0 1 1
-15.730987 35.03394 0.0234467461171799 31.9669421487603 1 1
-15.7308 35.0713 0.0177284150782384 19.5909090909091 17 1
-15.726611 35.074629 0.0182375043818057 15.7851239669421 1 1
-15.719515 35.01206 0.108958645544104 26.1363636363636 1 1
-15.713251 35.290126 0.0115852626178139 0 1 1
-15.712388 35.165857 0.0387328032973796 0.0545454545454545 1 1
-15.709447 34.999212 0.219560248669427 20.9338842975207 1 1
-15.7088 34.8301 0.016266576631328 0 19 1
-15.708551 35.0527 0.0973652952108623 17.9586776859504 1 1
-15.707903 35.53629 0.0140127929213133 0 1 1
-15.7071 35.6456 0.0126685778597142 0 16 1
-15.6689 35.589 0.0141076106208073 0 19 1
-15.668453 35.045057 0.0195111678692157 7.9 1 1
-15.658423 35.040745 0.0160171130991655 7.13223140495868 1 1
-15.656745 35.307437 0.0116137390406737 0 1 1
-15.6556 35.0184 0.019837102946737 9.17355371900826 14 1
-15.650003 35.546817 0.0114886216812434 0 1 1
-15.648838 35.241741 0.00685681190208685 0 1 1
-15.647551 35.028091 0.0135522614165409 7.28099173553719 1 1
-15.6474 35.3431 0.0152139286142271 0 21 1
-15.64535 35.149365 0.0113682489830624 0 1 1
-15.643648 35.039004 0.0252611948092764 4.94214876033058 1 1
-15.637766 35.759009 0.0144612165742665 0 1 1
-15.625842 34.524937 0.0114872600013867 3.43801652892562 1 1
-15.623224 35.061462 0.0180245333685129 2.47933884297521 1 1
-15.616818 34.531214 0.00770795600929673 3.61157024793388 1 1
-15.615479 35.212147 0.0207439427405975 0 1 1
-15.6058 34.5184 0.0245856370705343 4.49586776859504 11 1
-15.6013 35.2404 0.017100084404818 0 19 1
-15.599842 34.51495 0.0392666839148438 4.54545454545455 1 1
-15.592524 35.22314 0.00365784813861918 0 1 1
-15.590474 35.096174 0.0160726440388678 0 1 1
-15.590445 35.615109 0.0058845894041232 0 1 1
-15.5763 35.5519 0.0127942970997935 0 18 1
-15.5698 35.4256 0.0123610310410373 0 15 1
-15.559273 35.164202 0.013392898940441 0 1 1
-15.55674 34.504742 0.0317371897053805 3.6198347107438 1 1
-15.555697 34.692382 0.0265353558585466 0 1 1
-15.554896 35.001428 0.0310900287288801 0 1 1
-15.544869 35.381006 0.0106047934547028 0 1 1
-15.528931 35.165794 0.0151937857785406 0 1 1
-15.520901 35.654262 0.0144061677457978 0 1 1
-15.519 35.3176 0.0151912264689421 0 17 1
-15.515255 35.338163 0.0202178832268323 0 1 1
-15.5147 35.1047 0.0123515153653717 0 17 1
-15.513201 35.033593 0.0300582650997836 0 1 1
-15.507427 35.167488 0.0161104614472123 0 1 1
-15.503328 35.24788 0.044253716164713 0.509090909090909 1 1
-15.500794 35.361092 0.0125441461262777 0 1 1
-15.49766 35.363599 0.025518376123839 0 1 1
-15.496307 35.253862 0.107960155354997 0.509090909090909 1 1
-15.4882 35.557 0.0113913455202864 0 17 1
-15.483881 35.297535 0.0287532609225087 0.0991735537190083 1 1
-15.481705 35.504399 0.0116791355224762 0 1 1
-15.464795 35.415236 0.0746657552458095 0 1 1
-15.4627 35.1595 0.0126242262670376 0 14 1
-15.461374 35.29429 0.0208229150717903 1.52066115702479 1 1
-15.445636 35.295663 0.019978408058707 2.65 1 1
-15.438391 34.799261 0.0106619771078414 4.2 1 1
-15.431413 35.288517 0.0253817358655477 4.71900826446281 1 1
-15.429052 34.879824 0.0242737142413353 4.85 1 1
-15.4239 34.8991 0.0161150691763102 2.95867768595041 15 1
-15.420574 34.646036 0.0624882834725252 0 1 1
-15.416082 35.30083 0.00446961518574239 7.78512396694215 1 1
-15.413606 35.321832 0.0359116316413243 8.72727272727273 1 1
-15.413 35.3114 0.023749334573472 9.13333333333333 14 1
-15.410254 35.329512 0.0213336659182134 10.1969696969697 1 1
-15.407772 34.650745 0.0118995331927486 0 1 1
-15.40638 35.366353 0.0415311682514698 6.53719008264463 1 1
-15.404472 35.324632 0.00444731032061168 11.8181818181818 1 1
-15.4042 35.3314 0.0197105742874133 11.6181818181818 17 1
-15.4002 35.3405 0.0165110427585267 11.1157024793388 17 1
-15.3994 35.3127 0.0482374241706922 10.1818181818182 11 1
-15.3992 35.3184 0.026566993283626 11.1074380165289 20 1
-15.399 35.3205 0.0255141671600917 10.7878787878788 8 1
-15.398126 34.650086 0.134857648668544 0 1 1
-15.397619 34.659009 0.0150537705466319 0 1 1
-15.395509 34.653922 0.0249387892504263 0 1 1
-15.395464 35.33235 0.0106113190446121 12.6090909090909 1 1
-15.393901 35.358411 0.0404010516303589 9.34710743801653 1 1
-15.391802 35.236262 0.0297708913630347 0.606060606060606 1 1
-15.3905 35.2944 0.00924237837868726 8.74242424242424 15 1
-15.3888 35.3576 0.0370428624913983 9.34710743801653 12 1
-15.387234 35.390029 0.0119051959093742 3.90909090909091 1 1
-15.386572 35.3146 0.0350292378555879 11.1570247933884 1 1
-15.383895 35.348207 0.041753002113969 10.5537190082645 1 1
-15.3824 35.3423 0.0240060363394544 11.4876033057851 16 1
-15.3787 35.3421 0.0132619932128961 12.2090909090909 11 1
-15.377389 35.217985 0.0104468838060159 0 1 1
-15.3736 35.3644 0.0170662166092146 7.61157024793388 14 1
-15.372149 35.169389 0.0102849755154968 0 1 1
-15.357724 34.964123 0.0118602173080554 0 1 1
-15.355868 35.211555 0.00790981473645025 0 1 1
-15.347294 34.918729 0.0228769249255205 0 1 1
-15.347098 35.090847 0.0111864686725046 0 1 1
-15.331578 34.935594 0.0145776099166062 0 1 1
-15.326933 35.17326 0.0329415648464753 0 1 1
-15.325577 35.218841 0.0174856012598073 0 1 1
-15.317 35.1061 0.0149487150412679 0 17 1
-15.31332 35.469155 0.00812017948998902 0 1 1
-15.311942 35.227158 0.0161664887129879 0 1 1
-15.306683 35.240611 0.00897698020256205 0 1 1
-15.26024 35.379301 0.0200317256287003 0.46969696969697 1 1
-15.241631 35.384883 0.0687361604322361 0.878787878787879 1 1
-15.2318 35.3224 0.0238691034095269 0.840909090909091 15 1
-15.2301 35.1343 0.00977933899710227 0 12 1
-15.225028 35.442548 0.0531836148349415 0 1 1
-15.221772 35.354354 0.0415359228828662 0.840909090909091 1 1
-15.209715 35.372307 0.0203596216061451 0.840909090909091 1 1
-15.181424 35.400414 0.0133684990995235 0.517482517482518 1 1
-15.175732 35.443181 0.021181347574353 0 1 1
-15.175159 35.324885 0.0130022564693076 0.776223776223776 1 1
-15.175 35.3381 0.0123540098012748 0.840909090909091 19 1
-15.163906 35.460515 0.0216277303151378 0 1 1
-15.14459 35.31829 0.0101452541994673 0 1 1
-15.117754 35.229003 0.0162684842870333 0.895104895104895 1 1
-15.111498 35.499793 0.0103767862729575 0 1 1
-15.074082 35.225953 0.00686559477413145 3.79020979020979 1 1
-15.072061 35.217356 0.0142354778909973 3.79020979020979 1 1
-15.0706 35.1704 0.0187273068692644 2.55714285714286 15 1
-15.068245 34.867735 0.0216605970306308 0 1 1
-15.05945 34.913886 0.061429175244952 0.155844155844156 1 1
-15.058385 35.215503 0.0127030894812939 3.79020979020979 1 1
-15.0513 35.4605 0.0092152020261503 0 20 1
-15.048305 35.328763 0.00541074398541456 0 1 1
-15.004106 35.059766 0.0379092368579998 0 1 1
-14.9969 35.5521 0.00946529182689204 0 20 1
-14.966886 35.398579 0.0103519800645283 0 1 1
-14.9533 34.9545 0.0130255612735833 3.41428571428571 20 1
-14.951613 34.901564 0.0355626884622085 1.98787878787879 1 1
-14.942317 35.638768 0.0085824611257131 0 1 1
-14.931908 34.589104 0.0109134777820898 0 1 1
-14.9258 35.0165 0.0125103987322833 0.412121212121212 17 1
-14.894135 35.573125 0.0115944747814012 0.755681818181818 1 1
-14.8874 35.1158 0.0169242165955351 0.075 17 1
-14.881805 34.866444 0.00399720069856833 0 1 1
-14.879769 35.713496 0.00919761656971107 0 1 1
-14.872558 35.521921 0.0124642276213223 0.795454545454545 1 1
-14.865 35.195392 0.0115126576636149 0.25 1 1
-14.852553 35.218615 0.0139713526862962 0.403409090909091 1 1
-14.851654 35.170492 0.0296112898855716 0.482954545454545 1 1
-14.8515 34.6402 0.0172988261598784 1.2192513368984 21 1
-14.833767 35.075727 0.0191054473778624 0 1 1
-14.831871 34.640417 0.0080812138277724 1.84491978609626 1 1
-14.822427 34.788532 0.00749425860125912 0 1 1
-14.82105 34.652083 0.00581303577872842 2.18235294117647 1 1
-14.81906 34.627872 0.0183710501178269 1.98395721925134 1 1
-14.812309 34.635847 0.0026788993830422 2.18235294117647 1 1
-14.812177 35.469722 0.00707316562429594 0 1 1
-14.811377 34.632823 0.0138794944401495 1.98395721925134 1 1
-14.803797 35.776218 0.0229901954412636 0 1 1
-14.800995 34.767419 0.160560169115484 0 1 1
-14.79321 34.618656 0.0356420715711185 1.87373737373737 1 1
-14.786876 34.696348 0.0146247692637801 1.32222222222222 1 1
-14.7689 34.6461 0.0110464638517826 1.11616161616162 18 1
-14.7688 35.0315 0.00982667115109091 0 16 1
-14.757932 34.764956 0.0124982508328287 0 1 1
-14.733947 35.465467 0.00658274047761103 0 1 1
-14.7246 35.7083 0.00923831486463391 0 17 1
-14.720445 35.057471 0.00450238527698682 0 1 1
-14.715609 35.500423 0.0171723527655246 0 1 1
-14.7074 35.8067 0.00997569948139229 0 19 1
-14.705395 35.807045 0.00532417946482246 0 1 1
-14.702081 35.661752 0.00778987968924283 0 1 1
-14.699996 35.794621 0.0158495311488477 0 1 1
-14.6999 35.608 0.01032031996615 0 19 1
-14.686171 35.794835 0.0161399068140317 0 1 1
-14.677371 34.525871 0.022002794619574 0 1 1
-14.6514 34.6256 0.0136588863046455 0 17 1
-14.647495 34.769383 0.0180074225035683 0 1 1
-14.64553 35.525496 0.0110517786994231 0 1 1
-14.6361 34.7323 0.0108034258432623 0 14 1
-14.630211 35.196507 0.0265582257282258 0 1 1
-14.63 35.1033 0.0109613577785031 0 18 1
-14.612306 34.748982 0.0194999418218009 0 1 1
-14.562008 35.527267 0.0136632743641366 0 1 1
-14.547193 35.116009 0.00653944006544358 0 1 1
-14.539771 35.540394 0.0159729604074248 0 1 1
-14.52835 35.058002 0.0121638164927822 0 1 1
-14.526757 34.660174 0.00751719525857972 0 1 1
-14.5244 35.0888 0.0117683320146028 0 16 1
-14.5036 34.6593 0.0133712674592508 0 16 1
-14.502915 34.453509 0.0573461271599693 0 1 1
-14.495291 35.269663 0.012229780002854 2.13225806451613 1 1
-14.495194 35.26745 0.00776076624885986 2.13225806451613 1 1
-14.4912 35.6063 0.00865184447206131 0 13 1
-14.485538 35.258561 0.0497892374292273 2.13489736070381 1 1
-14.481885 35.235588 0.0381117823065712 2.06818181818182 1 1
-14.481406 35.572627 0.00929141907635717 0 1 1
-14.4791 34.8262 0.00973098974181075 0 17 1
-14.477343 35.13481 0.00565978919431025 1.73579545454545 1 1
-14.476344 35.256731 0.011804312705908 2.00550964187328 1 1
-14.4717 35.6096 0.00901268667525961 0 16 1
-14.450797 35.1933 0.010582194491169 1.70909090909091 1 1
-14.443436 34.448337 0.0124510338010946 0.247474747474747 1 1
-14.439195 35.319855 0.0104966439298683 1.43434343434343 1 1
-14.438343 34.767122 0.00744941785497111 0 1 1
-14.435815 34.767105 0.0357046658345248 0 1 1
-14.427132 35.181283 0.00591270106190926 0.700956937799043 1 1
-14.4265 35.2576 0.00909841381944645 0.71990171990172 19 1
-14.414803 34.826512 0.00597635239562094 0 1 1
-14.4136 34.6106 0.0129891019590287 0 13 1
-14.407428 34.560757 0.00788569057172018 0 1 1
-14.406339 35.337866 0.00877361932314792 0.168181818181818 1 1
-14.40563 35.09312 0.016932812518274 0.133037694013304 1 1
-14.4047 33.998797 0.00897365339681947 0 1 1
-14.395637 33.906305 0.0112319762463274 0 1 1
-14.393898 34.334052 0.0138308960404227 1.17547568710359 1 1
-14.390712 34.328241 0.0581517739975925 1.17547568710359 1 1
-14.389746 34.3274 0.013996416568895 1.17547568710359 1 1
-14.388318 34.328298 0.0146622858696275 1.26363636363636 1 1
-14.378557 34.319622 0.0221934815770535 1.23555555555556 1 1
-14.3763 34.0394 0.0159296107912845 0 17 1
-14.369445 35.420028 0.0107041635099501 0.0909090909090909 1 1
-14.364469 34.261257 0.0571894617747167 1.0530303030303 1 1
-14.359303 34.075008 0.0195461046403378 0.0333951762523191 1 1
-14.355967 35.54484 0.0352825316744333 0.550909090909091 1 1
-14.3556 34.5793 0.00840265677749958 0 21 1
-14.354734 33.886356 0.0648668044642574 0.036 1 1
-14.353358 34.449107 0.0107156234587347 0.898039215686275 1 1
-14.3487 34.404 0.0127376823262417 0.800699300699301 21 1
-14.3353 33.9759 0.0123239637592059 0.120661157024793 20 1
-14.335268 35.422701 0.00396832420785942 0.386776859504132 1 1
-14.326344 34.545917 0.0217725561640789 0.181818181818182 1 1
-14.3252 35.4255 0.011993517628228 0.443381180223285 17 1
-14.323816 34.050046 0.0127494838909955 0.130970724191063 1 1
-14.319199 33.598546 0.0101708389724445 0 1 1
-14.316858 35.141797 0.0063856854148042 0.910581222056632 1 1
-14.311784 35.121766 0.00832383009112767 0.985483870967742 1 1
-14.307212 34.362734 0.0114802853224695 0.0184659090909091 1 1
-14.304161 33.975872 0.00516212739137471 0.112307692307692 1 1
-14.2996 33.9032 0.0117363589775321 0.100550964187328 13 1
-14.2992 34.1126 0.0103326743344405 0.100550964187328 15 1
-14.292511 34.533149 0.0415134613315447 0 1 1
-14.283389 34.155916 0.0304702145475131 0.0896805896805897 1 1
-14.275518 34.660126 0.00928286570754429 0 1 1
-14.2749 33.7597 0.0222370825689901 0.0563866513233602 15 1
-14.268989 33.760958 0.0108464267743756 0.0609756097560976 1 1
-14.265127 34.423639 0.0220479557115524 0.0459893048128342 1 1
-14.26 33.7983 0.00916224415181701 0.0247933884297521 17 1
-14.256697 33.779334 0.00867775738667691 0.0242424242424242 1 1
-14.245084 33.777728 0.0476295978310565 0 1 1
-14.241191 34.490162 0.0274185179218596 0 1 1
-14.233135 35.259202 0.00924705824646261 0.0893000804505229 1 1
-14.228966 33.842643 0.0212417558913652 0 1 1
-14.222653 33.879263 0.00770459360477676 0 1 1
-14.222226 33.741825 0.0176847071227599 0 1 1
-14.220734 33.80274 0.0281692850519272 0 1 1
-14.217454 35.428865 0.00895256072007192 0.0176390773405699 1 1
-14.217297 33.786425 0.0146610253135115 0 1 1
-14.212005 33.807109 0.0262236455597214 0 1 1
-14.211998 33.93085 0.00451932330850931 0 1 1
-14.210313 34.872176 0.00452040703325735 0 1 1
-14.208245 33.721982 0.00490249447565715 0 1 1
-14.208117 34.128432 0.00776850727130728 0 1 1
-14.206975 35.044464 0.0100670550839193 0 1 1
-14.206531 34.830461 0.00580174986417741 0 1 1
-14.2021 34.3656 0.00969776782237936 0 18 1
-14.198509 34.01966 0.016951797514994 0 1 1
-14.185323 34.307681 0.00707121112395753 0 1 1
-14.178589 33.732182 0.0262309843891212 0 1 1
-14.177647 34.986985 0.0209393762717247 0 1 1
-14.170676 33.934545 0.0235245406731899 0 1 1
-14.1601 34.0345 0.0122071641676378 0 17 1
-14.158348 33.804965 0.0128591481569982 0 1 1
-14.15186 33.87492 0.00760727682290589 0 1 1
-14.1404 35.2154 0.0129297946173729 0.00114111829593001 17 1
-14.131458 34.152879 0.0109688765756675 0.00722708254089007 1 1
-14.130777 33.96488 0.00966702298022274 0.00722708254089007 1 1
-14.130569 33.886459 0.00727377733269987 0.00722708254089007 1 1
-14.11965 33.919859 0.00645102531921754 0.0524914416127805 1 1
-14.116701 35.220718 0.00987759225498526 0.0511219060837381 1 1
-14.1078 34.2701 0.00893902030382566 0.0780282387911816 18 1
-14.1066 35.4117 0.00995189252563421 0.0465788628332798 15 1
-14.1045 34.0018 0.0118094806526027 0.0954545454545455 17 1
-14.096924 33.580106 0.0147065684007453 0.0841248303934871 1 1
-14.087427 34.283321 0.00607288234175273 0.254377880184332 1 1
-14.085206 33.570969 0.00645206538312555 0.267482517482518 1 1
-14.084124 34.821974 0.0184354880175017 0.0699643493761141 1 1
-14.083444 33.979834 0.0393496527895345 0.278181818181818 1 1
-14.082731 33.71509 0.0192931434286719 0.28099173553719 1 1
-14.0755 33.9183 0.0245326619269535 0.482077922077922 13 1
-14.074646 34.488563 0.0370876663970102 0.413319238900634 1 1
-14.0593 33.3084 0.0120147300430673 1.26945716154349 17 1
-14.0548 33.7077 0.0177498204623145 1.51832061068702 16 1
-14.051284 34.010761 0.00570781116279766 1.93795093795094 1 1
-14.047196 33.339921 0.0411871801926857 1.9530303030303 1 1
-14.0457 34.106629 0.0633853922441857 2.27118644067797 1 1
-14.040995 33.818413 0.0112999856641865 2.7913961038961 1 1
-14.0368 33.3451 0.0311127980863506 2.06481481481481 15 1
-14.036455 34.872689 0.0158921641313504 0.0739167374681393 1 1
-14.033 33.5159 0.0111339730482101 3.71138570167696 19 1
-14.029393 33.777572 0.00948909938382955 4.111 1 1
-14.028579 33.808201 0.00765811819235514 4.15252525252525 1 1
-14.0261 34.26 0.00993718065915061 0.028116213683224 14 1
-14.0239 33.778 0.0172711304376793 4.61931818181818 10 1
-14.023 34.0863 0.0131336630044938 4.33075435203095 17 1
-14.02203 33.756212 0.0400010347426075 4.71760154738878 1 1
-14.0209 33.7746 0.0222762560189192 5.18279569892473 15 1
-14.020678 33.697731 0.0375173656277971 5.20860215053763 1 1
-14.019787 33.704314 0.0193811254955431 5.52470355731225 1 1
-14.019587 33.718764 0.020731590350107 5.51877470355731 1 1
-14.018922 33.384169 0.11055789333829 2.0999000999001 1 1
-14.015967 33.736083 0.0211433137072648 5.68641470888662 1 1
-14.015745 33.778069 0.0580107909465384 5.68641470888662 1 1
-14.0153 34.0639 0.0125696404784582 5.20224719101124 18 1
-14.014684 33.825619 0.0683450860699313 5.68641470888662 1 1
-14.011021 33.719955 0.0223629220893527 6.55919661733615 1 1
-14.011 33.7281 0.0127444219122736 6.55919661733615 14 1
-14.009873 33.815356 0.0335647716985079 6.63636363636364 1 1
-14.008848 33.733552 0.0137089875619543 6.63636363636364 1 1
-14.0073 33.8244 0.0396692757465813 6.79627601314348 18 1
-14.0063887102 33.8258828387 0.049290140578499 6.79627601314348 1 1
-14.0063 33.8022 0.0262489638514883 6.79627601314348 18 1
-14.00581 33.850791 0.0243229482305128 6.79627601314348 1 1
-14.005413 33.838202 0.0293878675777199 6.87915742793792 1 1
-14.005009 33.738761 0.00661293464201495 7.38780487804878 1 1
-14.004727 33.704366 0.00756157268604158 7.38780487804878 1 1
-14.003956 33.741913 0.0156915799890887 7.47901234567901 1 1
-14.0039 33.8081 0.0269301740562595 7.47901234567901 16 1
-14.002585 33.757231 0.0450543070628443 7.59147025813692 1 1
-13.99791 33.748438 0.0356464986898164 7.88344988344988 1 1
-13.997387 33.792879 0.0226080523279669 7.98583234946871 1 1
-13.996252 33.679737 0.00999483127716986 8.61447368421053 1 1
-13.996208 33.788272 0.0378869512644035 8.61447368421053 1 1
-13.995131 33.814894 0.0618960772033027 8.61447368421053 1 1
-13.994993 33.814167 0.029320323925137 8.61447368421053 1 1
-13.994839 33.797894 0.0293276262759234 8.688995215311 1 1
-13.993761 33.799715 0.0752200557162573 8.80484848484848 1 1
-13.9917 33.7789 0.0243191531918941 8.92383292383292 18 1
-13.989617 33.80448 0.0281007738306093 8.92383292383292 1 1
-13.9896 33.7772 0.0556710448580696 9.04607721046077 14 1
-13.989542 33.811908 0.0327105874688276 8.92383292383292 1 1
-13.987969 33.853393 0.0114792645197656 9.65 1 1
-13.981019 35.166864 0.00404085686961039 0 1 1
-13.979714 33.80128 0.102129651729795 10.4101449275362 1 1
-13.979231 33.74432 0.0873890056584922 10.5632352941176 1 1
-13.971329 33.762392 0.158265957611913 10.8954545454545 1 1
-13.9711 33.7574 0.136308594690972 11.0630769230769 12 1
-13.9694 33.6318 0.0153425161106815 10.7552447552448 19 1
-13.969285 33.272495 0.00498942139141468 0 1 1
-13.962669 33.733803 0.0146934739950136 11.2403225806452 1 1
-13.962365 34.502879 0.0254603200548891 0 1 1
-13.960826 33.767082 0.0630779917943848 11.0238450074516 1 1
-13.958295 33.819975 0.00593753555319913 11.2075757575758 1 1
-13.957605 33.916734 0.0168963431809873 10.7868852459016 1 1
-13.957437 33.751258 0.0179560735523159 11.2075757575758 1 1
-13.95682 33.80948 0.133173224899945 11.2075757575758 1 1
-13.956678 33.728664 0.00579060613265069 11.2075757575758 1 1
-13.956523 34.076499 0.0165753748842113 0.798484848484848 1 1
-13.9554 33.7286 0.015397091585232 11.2075757575758 20 1
-13.953 33.7174 0.0140099189120311 10.8613251155624 17 1
-13.952867 33.73361 0.0153411832779448 10.8613251155624 1 1
-13.95249 33.814852 0.240688234048524 10.8613251155624 1 1
-13.952059 33.771178 0.0616841965498756 11.0485893416928 1 1
-13.950819 33.729091 0.0106074784776462 11.0485893416928 1 1
-13.9491 33.8099 0.0129361343400076 11.0485893416928 21 1
-13.947822 33.817193 0.14236459680285 11.2424242424242 1 1
-13.946509 33.644119 0.0148771857391049 11.0017543859649 1 1
-13.945914 33.582358 0.0172369700482783 9.84912280701754 1 1
-13.945204 33.740801 0.0110126043357903 11.0017543859649 1 1
-13.939907 33.740064 0.0289631802174542 11.0710743801653 1 1
-13.936545 33.762809 0.0344293723922008 10.7239057239057 1 1
-13.9354 33.7828 0.0436045499574413 10.926243567753 15 1
-13.9347 33.494 0.0126739028349797 0.740740740740741 15 1
-13.933599 33.73566 0.085156681735978 10.926243567753 1 1
-13.9323 33.7589 0.0158153267209846 10.926243567753 19 1
-13.931005 33.773814 0.0247192039774873 10.926243567753 1 1
-13.930946 33.317716 0.0151470372851619 0 1 1
-13.928598 33.743316 0.248261276378426 10.8134615384615 1 1
-13.924327 33.761867 0.10990715153267 10.7557932263815 1 1
-13.923959 33.734292 0.0290033420653773 10.7557932263815 1 1
-13.923912 33.771566 0.0132740449851867 10.7557932263815 1 1
-13.923723 33.36894 0.0203240119025961 0 1 1
-13.923542 33.416739 0.0108732194108291 0 1 1
-13.920462 33.681444 0.00951839749245507 10.636 1 1
-13.92017 33.761072 0.00799833136937788 10.636 1 1
-13.918483 33.767331 0.0172380508911173 10.5064935064935 1 1
-13.917987 33.730771 0.0181587420422324 10.2963636363636 1 1
-13.9147 33.770935 0.00819272119726565 10.7253787878788 1 1
-13.912004 33.790126 0.0279957216505644 10.3270833333333 1 1
-13.90976 33.770379 0.00688116200575797 9.83712121212121 1 1
-13.908851 33.75761 0.0386215921725667 10.0464216634429 1 1
-13.907146 33.748545 0.0142035011192116 10.0464216634429 1 1
-13.905525 33.785708 0.019869263269693 10.0464216634429 1 1
-13.905237 33.758904 0.0168636799915998 10.0464216634429 1 1
-13.904576 33.769399 0.0128440571016129 9.52553191489362 1 1
-13.898714 33.772202 0.0455443844242353 9.14624505928854 1 1
-13.895592 33.84888 0.0242986037865052 8.75777777777778 1 1
-13.895256 33.76593 0.0372472725337713 8.75777777777778 1 1
-13.8939 33.7871 0.0163167425812552 8.35537190082645 11 1
-13.892067 33.756351 0.0233069400807357 8.35537190082645 1 1
-13.891307 33.80975 0.00827886864617427 8.35537190082645 1 1
-13.891215 33.745239 0.0161377795184096 8.35537190082645 1 1
-13.888279 33.751493 0.03200359830948 7.84318181818182 1 1
-13.887577 34.541663 0.0510762482198732 0 1 1
-13.883571 33.969762 0.0149963694520679 2.76321353065539 1 1
-13.881851 33.744907 0.0141239310970848 7.61688311688312 1 1
-13.87902 33.790344 0.0116981004121424 7.19047619047619 1 1
-13.8758 33.7599 0.0343507220090446 6.62770562770563 18 1
-13.873284 33.766807 0.214507276635739 6.78935698447894 1 1
-13.871935 33.760293 0.0244324996784808 6.78935698447894 1 1
-13.871859 33.773581 0.0596399023126301 6.78935698447894 1 1
-13.870355 33.748947 0.023581001523629 6.42439024390244 1 1
-13.8696 33.7771 0.0361653694627377 5.92682926829268 16 1
-13.8674 33.8281 0.0192868746121562 6.075 20 1
-13.865386 33.767435 0.00645437313318754 6.075 1 1
-13.864017 34.256346 0.0124431931371749 0 1 1
-13.860156 35.11627 0.00546578219292372 0 1 1
-13.853051 33.505175 0.065793274918603 0 1 1
-13.849169 33.59013 0.016884493063241 0.760765550239234 1 1
-13.8451 35.1065 0.00768453378651267 0 18 1
-13.8362 33.076892 0.0492767676730383 0.257575757575758 1 1
-13.835978 33.046182 0.0633329187915479 0.457070707070707 1 1
-13.812285 32.895783 0.0447989811581317 1.18235294117647 1 1
-13.8122 33.5005 0.00860890559330625 0 17 1
-13.810942 32.89232 0.0135198825144417 1.10192837465565 1 1
-13.806771 32.880708 0.0368023592857086 1.06887052341598 1 1
-13.7993 33.8589 0.0141223109544716 1.80165289256198 19 1
-13.796891 32.895182 0.0248665275403009 1.13636363636364 1 1
-13.7921 34.1602 0.0110107122214275 0 19 1
-13.787469 32.908521 0.0320568169477612 1.39032258064516 1 1
-13.784169 34.458376 0.0489578132995327 1.48093841642229 1 1
-13.778401 33.530215 0.0110921931775879 0 1 1
-13.776091 34.449293 0.0495849850993041 1.48093841642229 1 1
-13.774501 34.511803 0.00607533409721742 1.73333333333333 1 1
-13.769923 33.810036 0.0670555859960931 1.75666666666667 1 1
-13.767854 33.79593 0.0254766235989659 1.5969696969697 1 1
-13.767238 33.008935 0.0449234252007925 0.554858934169279 1 1
-13.763992 34.587437 0.205171532617083 0.639393939393939 1 1
-13.762928 33.819594 0.0124982424316319 1.63 1 1
-13.762379 33.818191 0.0633879363794274 1.68620689655172 1 1
-13.7611 33.9695 0.0113512580830386 0 17 1
-13.759986 33.814378 0.0084442232141992 1.53291536050157 1 1
-13.749258 33.507008 0.0104045122713546 0.0783699059561129 1 1
-13.7469 34.1632 0.0111601166801256 0 15 1
-13.730211 33.41237 0.0131717671547287 0.243506493506494 1 1
-13.71862 34.387836 0.0301576578817826 0.416083916083916 1 1
-13.716291 34.406273 0.01748838536286 0.416083916083916 1 1
-13.714482 33.608401 0.0240062006178474 0 1 1
-13.711063 33.751871 0.0233969163580427 0.213286713286713 1 1
-13.70378 33.835188 0.0397611244420109 0.0923076923076923 1 1
-13.698691 34.147963 0.0477279893962781 0 1 1
-13.697323 35.022521 0.00645078463252165 0 1 1
-13.695821 32.974933 0.0135226159140389 0 1 1
-13.692371 33.757986 0.0701895155790097 0 1 1
-13.677441 34.845703 0.0639521124829813 0 1 1
-13.674754 34.374098 0.0152101709071925 0 1 1
-13.672247 33.245144 0.0279304955332173 0.46969696969697 1 1
-13.672113 32.818255 0.0171574548334368 0 1 1
-13.6713 33.026 0.0155980886865935 0 22 1
-13.665294 32.919684 0.0103539339906219 0 1 1
-13.664175 33.572176 0.0126694163532731 0.473484848484849 1 1
-13.663023 33.985936 0.0150795177117524 0.175 1 1
-13.660888 33.857543 0.0133517464126633 0.16600790513834 1 1
-13.657176 33.955696 0.0231306454144968 0.16600790513834 1 1
-13.649464 33.796596 0.0100166772124887 0 1 1
-13.645219 33.076546 0.0080107907365148 0 1 1
-13.6362 33.7489 0.0140021915879702 0 21 1
-13.633598 33.946516 0.0306103114609636 0.173553719008264 1 1
-13.612075 32.969408 0.00626693117580945 0 1 1
-13.612 34.3389 0.00935902429006971 0 17 1
-13.5932 34.2978 0.0164495677006259 0 14 1
-13.591807 33.684829 0.00704361214543522 0.896103896103896 1 1
-13.578943 33.515972 0.0391733490831208 0.461904761904762 1 1
-13.562328 34.242903 0.00685409902513376 0 1 1
-13.55488 34.231972 0.00977478329256497 0 1 1
-13.5486 33.1745 0.0128908169184149 0.669856459330144 21 1
-13.543029 33.77553 0.0570283294740514 1.70334928229665 1 1
-13.541477 33.716561 0.0101280312678187 1.70334928229665 1 1
-13.539611 33.738895 0.0311101086326754 1.70334928229665 1 1
-13.525538 33.351445 0.013465337410667 0 1 1
-13.51086 33.712081 0.0228269821250109 1.73737373737374 1 1
-13.5077 33.7376 0.0186434851180207 1.73737373737374 14 1
-13.5027 32.9863 0.0109074203465265 0 14 1
-13.501476 33.867774 0.004843598881241 0 1 1
-13.4883 34.2614 0.0133879793881546 0 18 1
-13.479862 33.06254 0.0227408926980938 0 1 1
-13.475201 33.062072 0.0139451407306266 0 1 1
-13.457413 33.613864 0.0711114309108731 1.32085561497326 1 1
-13.4555 33.5665 0.0107604491717919 1.09090909090909 16 1
-13.448924 33.410829 0.00235325598778634 1.1283422459893 1 1
-13.43845 33.380007 0.0164000344263437 1.49431818181818 1 1
-13.434011 34.278965 0.0123455623910655 0 1 1
-13.43178 34.292606 0.00564559194567529 0 1 1
-13.42135 33.11992 0.00970264625931799 0 1 1
-13.42001 34.313922 0.0143464115682806 0 1 1
-13.416983 33.623815 0.00452314161565956 2.33155080213904 1 1
-13.4111614837 33.641001971 0.199673607973333 2.2620320855615 1 1
-13.406 33.9457 0.0162285487628678 0.0681818181818182 19 1
-13.400791 34.133569 0.0167331240857854 0 1 1
-13.387617 34.22984 0.0165442277565635 0 1 1
-13.387442 33.393402 0.0414164268482877 0.29375 1 1
-13.375928 33.498083 0.00984350485084251 1.19318181818182 1 1
-13.366851 33.904771 0.0254310540103472 0.795454545454545 1 1
-13.361307 33.66899 0.0108399235970696 0.660606060606061 1 1
-13.361084 33.581789 0.0214250593356492 1.63636363636364 1 1
-13.35 34.2705 0.0151267782938099 0 15 1
-13.3488 33.4404 0.0136176288079033 0.678787878787879 14 1
-13.348175 33.596012 0.0125696463706601 1.22159090909091 1 1
-13.339259 33.918683 0.0244078562469762 0.848484848484849 1 1
-13.33886 33.906542 0.0404557114420197 0.848484848484849 1 1
-13.3314 33.8581 0.0231582223897602 0.563636363636364 26 1
-13.325499 33.874914 0.0183523050790153 0.848484848484849 1 1
-13.316306 34.249378 0.0195373836443017 0 1 1
-13.290713 33.449836 0.00985785149877002 0.521212121212121 1 1
-13.274 34.1404 0.0136274328398558 0 17 1
-13.259694 33.79967 0.0209765869089894 0 1 1
-13.254248 33.234461 0.0117052189964699 0 1 1
-13.2305 34.0093 0.0151346901681781 0 20 1
-13.195127 34.326256 0.0461005932221743 0 1 1
-13.188338 33.50286 0.0771688402289137 1.33846153846154 1 1
-13.186571 33.529035 0.0199915927732915 1.12987012987013 1 1
-13.181004 34.266711 0.0105705754466318 0 1 1
-13.174871 33.918773 0.0255344885162636 0 1 1
-13.148034 33.392864 0.0804083136474524 0 1 1
-13.134783 33.292753 0.0229174138520016 0 1 1
-13.1174 33.7854 0.0144003911489348 0.496503496503497 21 1
-13.0738 33.4721 0.0177616188404745 3.52272727272727 17 1
-13.072591 33.578386 0.00961442742130349 0 1 1
-13.071663 33.439737 0.0606439211845901 2.175 1 1
-13.064057 33.904702 0.043377683763941 0 1 1
-13.056942 33.492648 0.0229400610590157 5.06818181818182 1 1
-13.0561 33.3941 0.0155956920541136 0.560606060606061 17 1
-13.053413 33.783572 0.0357074807534343 0 1 1
-13.05323 33.272362 0.010719837371292 0.257575757575758 1 1
-13.05085 33.476697 0.00841020449280852 5.5 1 1
-13.048482 33.501362 0.0577821314679683 5.21969696969697 1 1
-13.041655 33.510448 0.0357285762411595 4.98484848484848 1 1
-13.036193 33.490612 0.0119829340373835 5.79545454545455 1 1
-13.033783 33.499483 0.0240789904598664 5.79545454545455 1 1
-13.029042 34.318711 0.00869114611277176 0 1 1
-13.025148 33.515565 0.0196649498990763 4.89393939393939 1 1
-13.022731 33.499173 0.019591169868094 5.70454545454545 1 1
-13.020244 33.471285 0.0171094784185228 6 1 1
-12.9685 33.8605 0.0164255153958293 0 17 1
-12.947394 34.235151 0.022312042916162 1.90909090909091 1 1
-12.943309 34.284473 0.0283842170911709 3.29752066115702 1 1
-12.935889 33.336553 0.0242931136287079 0 1 1
-12.931131 34.30002 0.125107709304037 3.07438016528926 1 1
-12.92425 33.786282 0.039783592230603 0 1 1
-12.920763 34.294566 0.0164497564900141 3.325 1 1
-12.920244 33.352289 0.00487700049287026 0 1 1
-12.916155 34.286977 0.00807829041640762 3.02272727272727 1 1
-12.896212 33.752499 0.0123348703844152 1.41818181818182 1 1
-12.8937 33.373 0.021920010256232 0 16 1
-12.8816 33.7268 0.0122200451894854 1.80165289256198 18 1
-12.880827 33.680718 0.016564497149869 1.3801652892562 1 1
-12.879348 33.680537 0.02264761872747 1.39166666666667 1 1
-12.861681 33.683838 0.00820925320988136 1.51818181818182 1 1
-12.849893 33.726833 0.0117866186063649 1.80165289256198 1 1
-12.818767 33.64211 0.00538138640026895 0 1 1
-12.811286 33.411906 0.0283963424497126 0 1 1
-12.753457 33.680554 0.00880092369985906 0 1 1
-12.732695 33.656655 0.0151666684090926 0 1 1
-12.6592 33.6304 0.00737269013422207 0 17 1
-12.649869 33.371411 0.0203514403158209 0 1 1
-12.618467 34.172004 0.0179482300800662 0 1 1
-12.61559 34.159081 0.0102112062513127 0 1 1
-12.612059 34.167763 0.0272174701070355 0 1 1
-12.608456 33.820772 0.0112110910261051 0 1 1
-12.571618 33.47354 0.0162724917166532 0.627272727272727 1 1
-12.570924 34.093479 0.0129651299622039 0.481818181818182 1 1
-12.569937 33.505609 0.0144084401751167 0.681818181818182 1 1
-12.56589 33.511748 0.0182231442130553 0.681818181818182 1 1
-12.565321 33.713936 0.00629386816314191 0 1 1
-12.5306 33.6027 0.0186211100430522 0 16 1
-12.50051 33.62089 0.01105949390557 0 1 1
-12.485778 34.148709 0.0218165115067227 3.24793388429752 1 1
-12.455234 34.137269 0.0456288745115429 2.72727272727273 1 1
-12.363742 33.548267 0.0152076780381275 0.735537190082645 1 1
-12.352419 33.639329 0.0146674431843679 0 1 1
-12.32784 33.576921 0.0310037030360066 0.735537190082645 1 1
-12.311902 33.64528 0.0100270542937207 0 1 1
-12.308132 33.562445 0.0123728979501079 0.386363636363636 1 1
-12.243814 33.501872 0.0343289019106152 0 1 1
-12.2419 33.4716 0.0147213213627315 0 15 1
-12.217905 34.002893 0.0097352877124961 0 1 1
-12.2112 33.3271 0.0127818928938545 0 14 1
-12.153704 34.026215 0.0137435804084556 0 1 1
-12.1525 34.0251 0.0116163026929812 0 17 1
-12.029085 34.00436 0.00865882123837803 0 1 1
-12.024153 33.39528 0.0162992716627583 0 1 1
-11.9792 33.4992 0.00964998783576504 0 18 1
-11.964 34.0768 0.0101399427135537 0 15 1
-11.949952 34.118023 0.0908510194135167 0 1 1
-11.949769 33.580546 0.0126689830438986 1.27272727272727 1 1
-11.946873 33.472675 0.00452892814919605 0 1 1
-11.93973 33.634287 0.00957834625289333 1.55244755244755 1 1
-11.931914 33.506311 0.0129468486980546 0.0839160839160839 1 1
-11.910786 33.593205 0.0622218226720521 3.8041958041958 1 1
-11.910269 34.054166 0.00850102771629106 0 1 1
-11.909332 33.614972 0.0187548597249962 3.53246753246753 1 1
-11.895031 33.586788 0.0247886150359982 3.88571428571429 1 1
-11.89259 33.648686 0.0155040416030194 2.05194805194805 1 1
-11.879796 34.134054 0.00861027878365677 0.0428571428571429 1 1
-11.8704 33.6791 0.00800582025946104 0.2 16 1
-11.83858 33.635161 0.0164849314173202 0.772727272727273 1 1
-11.837122 34.154837 0.0458525113591935 0.492857142857143 1 1
-11.8362 34.1621 0.0143528858977981 0.448051948051948 16 1
-11.832859 33.67826 0.012578157837986 0 1 1
-11.7819 33.5 0.0155355149319567 0 19 1
-11.770927 34.238017 0.0121208386646762 0 1 1
-11.76853 33.668861 0.0216397019957577 0 1 1
-11.7643 34.1954 0.0107998657684788 0 16 1
-11.760403 34.114699 0.0145077083558895 0 1 1
-11.73752 33.516527 0.00514827074808275 0 1 1
-11.7313 33.5342 0.0132778645311017 0 15 1
-11.729789 34.301031 0.0084825075242809 0 1 1
-11.697975 34.088209 0.0156202705750224 0 1 1
-11.68221 33.735172 0.0378985947559287 0 1 1
-11.678393 34.243587 0.0119072184861688 0 1 1
-11.6477 34.125 0.0139132377809035 0 12 1
-11.638044 34.274791 0.00903029287705665 0.772222222222222 1 1
-11.603104 34.098845 0.0153143541721553 0 1 1
-11.569623 33.553159 0.0116481040039948 0 1 1
-11.554856 34.222821 0.0230738259248335 0.15 1 1
-11.551744 34.194054 0.0136810586477452 0.0318181818181818 1 1
-11.5364 34.278 0.0128441224511263 0 15 1
-11.534314 34.185254 0.014562504400274 0 1 1
-11.52147 34.200863 0.00735069666115421 0 1 1
-11.48572 33.993778 0.0112240114374287 5.20948616600791 1 1
-11.478144 33.999858 0.039941227393871 6.24505928853755 1 1
-11.47406 34.020559 0.0578930767151396 5.98484848484848 1 1
-11.4736 34.0151 0.0182551091267667 6.24505928853755 11 1
-11.472121 34.021166 0.0239447472867836 5.98484848484848 1 1
-11.4697 33.9869 0.0111572814181904 6.77272727272727 15 1
-11.4669 34.0078 0.0207574378695681 7.06719367588933 14 1
-11.466786 34.030195 0.0188191366604584 6.77272727272727 1 1
-11.4608 33.9739 0.012588128726386 7.35984848484848 15 1
-11.4556 33.9885 0.0151186930711921 7.35984848484848 15 1
-11.453571 34.003228 0.00896820406831515 8.02083333333333 1 1
-11.453363 34.003727 0.0151512612200294 8.02083333333333 1 1
-11.450212 34.036338 0.0250704046803989 7.75378787878788 1 1
-11.445 34.0306 0.029255944688082 8 20 1
-11.442662 33.981837 0.00954177732282727 7.58181818181818 1 1
-11.442244 33.993624 0.0197056456406132 7.58181818181818 1 1
-11.44154 34.036984 0.0200688349836 7.58181818181818 1 1
-11.441007 34.016095 0.0156995924205298 7.58181818181818 1 1
-11.4398 34.0331 0.0363260290132243 7.58181818181818 9 1
-11.439218 34.019523 0.0235174834702835 7.58181818181818 1 1
-11.43912 34.018784 0.0125403838564021 7.58181818181818 1 1
-11.4378 34.00773 0.0213963943562655 7.964 1 1
-11.435428 33.839486 0.0112731959751582 0 1 1
-11.433 34.0235 0.0156716005058851 7.45818181818182 14 1
-11.429501 33.99385 0.0202666909135704 7.32307692307692 1 1
-11.4275 34.028 0.0184475524935137 6.79370629370629 19 1
-11.421743 33.898372 0.0164610401489389 3.18076923076923 1 1
-11.41689 33.986358 0.0153928651454002 6.22377622377622 1 1
-11.412552 33.999917 0.0173236993141896 5.63703703703704 1 1
-11.409529 34.004437 0.00826643392629956 5.2972027972028 1 1
-11.4076 33.9949 0.0258175631372725 5.24579124579125 11 1
-11.399111 33.98785 0.0114576553052684 4.30844155844156 1 1
-11.3927 33.6488 0.0187321120608319 0 14 1
-11.387758 33.857272 0.00619825380321567 0.778571428571429 1 1
-11.37689 33.887753 0.0840094435933314 1.70532915360502 1 1
-11.372857 33.829686 0.0324075331759786 0.606060606060606 1 1
-11.349174 33.888682 0.0126611745527599 0.87683284457478 1 1
-11.347255 33.755875 0.0152405801666095 0.439882697947214 1 1
-11.3433 33.6194 0.0121401643042368 0 14 1
-11.3125 33.4799 0.01287639285786 0 16 1
-11.285 33.7785 0.015995577335099 0 16 1
-11.257235 33.430646 0.0085324651538982 0 1 1
-11.24644 33.84823 0.011420238603618 0 1 1
-11.231233 33.985359 0.0130793453933071 0 1 1
-11.229635 33.857466 0.00758098307412963 0 1 1
-11.22598 33.888997 0.0144315669134649 0 1 1
-11.197652 33.873758 0.0134882378211405 0 1 1
-11.193366 33.955719 0.00382008533026578 0.0198347107438017 1 1
-11.192707 33.745411 0.0157839511250715 0.0198347107438017 1 1
-11.117955 33.718737 0.0115237686158261 0.0247933884297521 1 1
-11.110604 33.677894 0.00511836192099248 0.02321083172147 1 1
-11.0517 33.6871 0.00864641667323702 0.138257575757576 12 1
-11.04156 33.934913 0.00926785878669425 0.137330754352031 1 1
-11.015175 33.864554 0.0112621686258656 0.0828063241106719 1 1
-11.014392 33.858825 0.0190856032261304 0.0808724184520363 1 1
-11.01108 33.853183 0.00975710683284572 0.0855838721947509 1 1
-11.001253 33.888657 0.0275182204228782 0.0928109547356409 1 1
-10.9995 33.7092 0.0214789492507727 0.0928109547356409 10 1
-10.991591 33.921646 0.00467330706252854 0.098326359832636 1 1
-10.95703 33.96655 0.012969097108738 0.127077223851417 1 1
-10.950477 33.723828 0.00998434642740671 0.0315709395207303 1 1
-10.9368 33.9124 0.00923468709736465 0.0206521739130435 12 1
-10.912307 33.67697 0.00892551879351092 0 1 1
-10.87504 33.451578 0.00657491313347041 0 1 1
-10.850998 34.000372 0.0112993946620115 0 1 1
-10.786366 34.064585 0.00867336961881645 0 1 1
-10.744606 34.021889 0.0214534678828405 0 1 1
-10.734451 34.168061 0.0136360356889837 0 1 1
-10.6794 34.0775 0.0154436069535305 0 16 1
-10.6387 34.1824 0.00734229370758199 0 13 1
-10.621267 34.063226 0.0386355412592043 0 1 1
-10.550007 34.18714 0.00668827183681316 0 1 1
-10.481416 34.18526 0.00831638717662032 0 1 1
-10.457141 34.178137 0.0316494746887824 0 1 1
-10.449073 34.212309 0.0166870532482864 0 1 1
-10.4462 34.1193 0.0084989101578076 0 13 1
-10.424955 34.190593 0.0125469874022842 0 1 1
-10.4163 34.2318 0.0180478757555063 0 14 1
-10.383056 34.20889 0.0165872879270173 0 1 1
-10.380389 34.09918 0.002979923182116 0 1 1
-10.358864 34.188385 0.0187676839827717 0 1 1
-10.3457009329 33.6856343249 0.00792103270943681 0 1 1
-10.344512 34.17316 0.0247491397716503 0 1 1
-10.30634 34.139264 0.0469350040601448 0 1 1
-10.259059 33.701109 0.00705659319014046 0 1 1
-10.240934 33.569214 0.00822121128596524 0 1 1
-10.1988 33.6635 0.00802950102606522 0 16 1
-10.176859 34.037412 0.0144096880281645 0 1 1
-10.16112 33.998054 0.00628103401266474 0 1 1
-10.075571 33.989468 0.00975935191323117 0 1 1
-10.055309 33.982838 0.0110782432440365 0 1 1
-10.0405 33.9087 0.0112688763694086 0 18 1
-9.9754 33.926 0.0105508293487273 2.69230769230769 20 1
-9.9716 33.3739 0.00795151566306086 0 16 1
-9.967245 33.908173 0.0281575613785665 3.16783216783217 1 1
-9.95901314299 33.8785372554 0.00569372428340449 2.84090909090909 1 1
-9.955414 33.940836 0.0552559419165948 3.2027972027972 1 1
-9.95121 33.927254 0.0144686458245498 3.9469696969697 1 1
-9.944616 33.909064 0.0226662234701396 3.68531468531469 1 1
-9.940209 33.920756 0.0174279504398725 3.99242424242424 1 1
-9.932468 33.927202 0.0291059829328671 3.9469696969697 1 1
-9.93128 33.9324 0.0171321783853414 3.64335664335664 17 1
-9.929575 33.92164 0.0220358521781534 4.24166666666667 1 1
-9.910549 33.907101 0.0340238267803218 3.14393939393939 1 1
-9.89937591331 33.5937586129 0.00576871958608214 0 1 1
-9.89498 33.381 0.00894503517970228 0 15 1
-9.891859 33.854987 0.00358954756508325 0.378787878787879 1 1
-9.87305 33.6206 0.00975551132974614 0 15 1
-9.84483 33.8737 0.0135710438433993 0 17 1
-9.84429 33.837671 0.0116352434759451 0 1 1
-9.82693 33.872847 0.00764808708588219 0 1 1
-9.80998 33.3873 0.00845381358696645 0 16 1
-9.7798932003 33.3959337965 0.00979315612579202 0 1 1
-9.760892 33.881145 0.00893936366217209 0 1 1
-9.758098 33.352994 0.0297854595704162 0 1 1
-9.74823 33.5035 0.00654315610232995 0 13 1
-9.728369 33.371926 0.00576301811370383 0 1 1
-9.712961 33.838155 0.00855941251050642 0 1 1
-9.706174 33.345283 0.00949080327800656 0 1 1
-9.705853 33.289144 0.00985795956051194 0 1 1
-9.705749 33.542253 0.0034784824131778 0 1 1
-9.688123 33.282754 0.0126810418655128 0 1 1
-9.686266 33.239743 0.00781488505579062 0 1 1
-9.68146 33.8498 0.0109954395120864 0 15 1
-9.678333 33.346399 0.00594448175313485 0 1 1
-9.66792 33.3937 0.0108440279510813 0 17 1
-9.663556 33.240057 0.00923249313036055 0 1 1
-9.61827 33.800714 0.00883190217736034 0 1 1
-9.604181 33.779577 0.0244383787744177 0 1 1
-9.52838 33.21675 0.0236032230880457 0 1 1
-9.50446 33.2302 0.00813653087570198 0 15 1
-9.49923 33.183636 0.0278061897543802 0 1 1
