"lat" "lon" "cons" "nl" "n" "sample"
4.32871914124 6.30817186855 3.98659394595539 3.10689655172414 9 1
4.45926022726 7.28658389848 6.94783838726534 17.6469344608879 10 1
4.62396354007 7.77168188394 3.61279925153288 10.6698956780924 9 1
4.66379708075 7.33236455293 2.50637223159252 9.80999180999181 10 1
4.68817896818 7.70875490803 2.499397211866 6.67011235955056 9 1
4.70728140817 6.08810279067 3.80087451577676 1.97210671102297 8 1
4.74375535836 6.77709985593 5.76490277884833 7.81844608879493 9 1
4.74700605661 7.30371647702 2.48995146615863 7.74358974358974 10 1
4.75394354132 6.72883700328 6.312201998492 9.58269230769231 10 1
4.76075978363 7.16499712449 1.69373915871099 9.41826335099878 9 1
4.7633914725 7.93659582805 4.58639589485703 5.47877358490566 10 1
4.76758083369 6.98822760384 7.64442532133466 10.1836734693878 9 1
4.77589652323 6.83958672566 8.17940227551549 12.0657754010695 10 1
4.78376024056 7.02096866736 6.59915714996839 12.5167464114833 10 1
4.78786348202 7.10753851126 3.93739483203347 13.2097902097902 7 1
4.78973914833 6.30791226865 11.6121061469976 8.22825376062786 5 1
4.80794322157 6.97305168438 10.6129480586225 18.0466613032985 7 1
4.81152822621 7.13539967261 4.67821882502817 18.1951626355296 9 1
4.8273254021 8.08266879664 5.36114656764258 2.63926499032882 10 1
4.82822094307 6.65565833534 5.079064797073 13.8162267839687 10 1
4.83911362418 6.97727467892 8.22809768508082 25.1144385026738 8 1
4.84991665216 7.37144906773 5.71458211681127 14.988344988345 10 1
4.86001819643 7.05859914566 12.2773609893197 28.4470734744707 6 1
4.86465103466 7.84994924205 4.9383859328144 3.41869398207426 10 1
4.87619045073 6.83123796352 3.19045900098115 21.7933884297521 10 1
4.9211152487 8.02685220823 3.64734446876326 4.51923076923077 9 1
4.93447621662 7.96732908139 2.90688404236566 5.7847866419295 10 1
4.93711593292 6.36422666906 4.78391860846978 15.8604166666667 9 1
4.94791457045 7.7583190461 3.76087346510492 5.31721470019342 10 1
4.96425337683 5.77154382849 2.45741820521656 13.2933884297521 8 1
4.96466286575 7.8047042472 6.65643068330379 9.5 10 1
5.01159047312 7.94962641359 9.34304359589472 20.1459459459459 10 1
5.01417184373 6.54474998558 3.98473746535188 15.020202020202 10 1
5.05073911243 8.33941410449 5.40402759966812 9.15909090909091 8 1
5.05398782837 8.42242009772 3.59964088290633 10.053125 8 1
5.05646571817 7.91862324541 3.84790987541844 19.9602272727273 9 1
5.07826901425 7.91162660924 5.04405787597431 15.4233333333333 9 1
5.08014972082 6.81685134062 4.13446005594894 8.08181818181818 9 1
5.08858328195 7.73858652865 4.00898665068773 5.43636363636364 10 1
5.09037333332 7.36620770377 6.24199121103607 18.6363636363636 10 1
5.10748991826 8.18243277741 2.52476623976148 0.386363636363636 9 1
5.11421765924 7.3745962586 6.9788336246962 22.4579124579125 10 1
5.1415701422 6.07837594951 4.38680290106559 1.34265734265734 6 1
5.14203254737 7.37471602851 10.3525012465979 21.8109090909091 9 1
5.14601648677 6.61622345941 4.31399344646158 26.452 10 1
5.15341945792 7.59318224517 3.15998097852737 4.328 8 1
5.25625865911 6.61941404124 4.59410547691144 46.3290043290043 10 1
5.26959130436 6.30405776041 2.36443491666419 4.40454545454545 8 1
5.276399221 7.72157200275 2.3461149001053 0.581818181818182 9 1
5.28795684803 6.99396887212 3.69398263497211 2.465 10 1
5.31524834074 7.4334346461 3.32370291905441 5.70813397129187 10 1
5.32569602757 6.89672161071 3.96056074694849 5.86363636363636 9 1
5.35086568605 7.40188916719 3.94417301812963 5.98989898989899 10 1
5.37543571206 7.08733204974 7.87972732540548 7.09090909090909 9 1
5.38520298007 7.5278870437 3.37652576059139 3.31016042780749 8 1
5.41868312062 5.75708490409 4.66222582198455 10.096256684492 10 1
5.44315706398 7.05253754146 6.9413994864467 17.8181818181818 10 1
5.45868572043 7.22201733456 3.10765146134654 7.86363636363636 10 1
5.49303723775 6.22086915373 6.58104836506298 32.9261363636364 10 1
5.4978516061 5.82187907485 9.20459215635868 34.3454545454545 9 1
5.50002620235 7.20142229471 4.77992974690562 7.93333333333333 10 1
5.51610389484 5.70809600899 8.6943914089023 34.4060606060606 7 1
5.5223818305 7.04931503016 9.52919173724398 24.6060606060606 5 1
5.53545594433 7.53153560163 9.92798912096366 12.1151515151515 8 1
5.54243058617 7.18849715679 2.70161944424888 7.03896103896104 10 1
5.54711501136 5.8168929288 6.10573482996853 39.6727272727273 9 1
5.55555406781 7.611029751 5.79229011530307 0.175324675324675 9 1
5.56220655235 7.34072478152 3.81826099626509 9.96 10 1
5.59093085015 7.36813000489 8.39888338281425 9.64285714285714 6 1
5.62819774804 5.92368425969 3.63013404255001 9.62937062937063 8 1
5.65672719049 7.32275326356 4.85886443305511 5.41258741258741 10 1
5.66488837725 7.04132994795 3.38217672583653 8.66433566433567 10 1
5.67943596365 7.08250261971 3.35833789090692 8.06153846153846 10 1
5.68062519373 6.4106027931 9.97836491666892 38.2167832167832 9 1
5.69861467033 7.51949932817 5.16769259461408 2.27272727272727 10 1
5.72024007766 7.24106174919 3.69535818585409 2.96153846153846 10 1
5.7463142697 6.98741725027 5.02023916016012 7.88333333333333 10 1
5.75004501547 6.00057874843 3.23678478631677 7.27272727272727 7 1
5.77121166469 7.7768731363 3.68550433201092 0.5 8 1
5.78882325094 6.91399612712 3.26160860370387 7.87121212121212 10 1
5.817367247 8.08849790176 3.55009567832377 2.31060606060606 10 1
5.8249809823 6.86724219974 3.42442556810646 8.36363636363636 10 1
5.8341944655 7.01780657473 5.44000122561875 8.84090909090909 10 1
5.83737244027 7.15281867916 2.76721945000024 4.2 10 1
5.87050766081 6.89768044152 4.1327704347373 8.55833333333333 10 1
5.90239078833 7.88108495188 1.5517086868093 2.12121212121212 10 1
5.91776306029 7.08737420747 5.72113793885826 9.09848484848485 10 1
5.91892832509 7.42249845731 4.27602475789915 1.66666666666667 10 1
5.92345578983 7.54998693813 2.89809919219873 2.3801652892562 10 1
5.92350211798 6.26530576313 5.32818768051615 22.297520661157 9 1
5.92433724341 6.99014119434 7.97999529570703 7.69421487603306 9 1
5.93434596942 8.14702576943 2.72193788972542 0.181818181818182 10 1
5.94843768037 8.91209387381 1.62459463962653 0 9 1
5.97697115544 7.69542430371 2.41802049433401 0 10 1
5.98466768886 6.90304610994 7.10995439108013 13.1969696969697 9 1
5.98776036565 7.09183471113 6.04848769675741 10.5636363636364 10 1
6.00420085033 7.05712166484 7.075600951777 11.9363636363636 9 1
6.01584229399 4.88254321566 5.25265424020803 8.39669421487603 6 1
6.02557845775 7.02851464405 6.25041893613205 11.396694214876 10 1
6.07262558501 6.83932595204 5.85276157540598 15.3719008264463 10 1
6.09841937207 7.80601488159 2.46647432038924 0.347107438016529 10 1
6.10137761736 7.18988708702 4.00358151609133 2.44628099173554 10 1
6.10526707784 6.91715445736 3.54834237862028 11.2314049586777 9 1
6.11297496554 6.77271141087 5.02294518035593 26.2545454545455 8 1
6.11554285941 6.17661906842 4.12397841775698 3.69421487603306 10 1
6.1245359666 6.94962416146 5.30585876365471 10.6776859504132 10 1
6.12719827759 6.19491690513 6.03821082939754 4.36363636363636 10 1
6.1285244189 6.77187514997 6.28032370756342 31.9 9 1
6.13080945767 6.95268589556 5.4763636895203 10.9504132231405 9 1
6.13508730788 6.27951537976 5.52261765520119 1.02727272727273 10 1
6.1357229762 8.19044376243 1.45161955870555 0 10 1
6.13830921581 6.79309260454 7.33369884168711 36.4636363636364 9 1
6.15062167012 7.94504082969 2.22695924842578 0 9 1
6.15849115609 8.36649395856 1.72678968724809 0 10 1
6.16779029063 7.00668904073 5.81193193371503 13.2644628099174 10 1
6.19155497242 5.06145630033 2.88899674257065 0 10 1
6.21969774922 4.65801363847 4.71593899279737 0 8 1
6.24153758762 6.9368284516 4.98489119637988 8.84545454545455 7 1
6.24318997534 7.61718158261 3.38879126371547 1.27272727272727 9 1
6.28524505144 7.31597545017 3.75977024940323 5.00826446280992 8 1
6.29112587931 8.24412304517 1.26461764926951 0 10 1
6.29487701088 7.06416881346 4.68980902647996 5.53719008264463 9 1
6.30707299833 6.97017505862 4.41995424808105 2.04545454545455 9 1
6.30995278146 5.69852872786 4.5920982719826 21.9338842975207 9 1
6.31316440344 6.96516116294 3.0780563254217 1.77272727272727 10 1
6.31723421115 5.65757847009 5.94670778984712 44.8181818181818 7 1
6.32314678579 8.11608584385 12.8746954612953 14.7107438016529 10 1
6.32851769839 7.92322617905 1.91198573869181 0 10 1
6.33665067996 5.59674395675 4.51169701666957 54.0909090909091 9 1
6.35401498931 6.83825461618 3.43463979441816 3.11 9 1
6.35671357662 5.63477919828 5.45784226340422 50.3140495867769 7 1
6.366917857 7.22449517406 3.1061829581626 0.388429752066116 10 1
6.37484011777 7.95872670003 1.53703440891877 3.75206611570248 10 1
6.38063010312 5.58461144938 5.01303301505183 34.6115702479339 8 1
6.39751545303 8.38341221361 4.56154412295578 0 10 1
6.39885088562 6.56869108498 6.34840410111137 0.801652892561983 10 1
6.41732336271 3.39197205779 8.73971669345074 41.4380165289256 1 1
6.43267960199 6.19725881709 5.62535684120341 0.305785123966942 10 1
6.44305604944 6.58324477885 6.40582512546121 0 9 1
6.45550212441 7.47905887095 7.13984793292945 39.0636363636364 9 1
6.45554810442 3.1662651602 5.14524167323965 31.1570247933884 7 1
6.45646508964 7.92548399948 1.54378951875887 3.76859504132231 9 1
6.47041667546 7.48763101682 17.2499314600664 41.0363636363636 7 1
6.47669421647 3.35082050227 5.02403463294199 62.702479338843 9 1
6.47942683802 7.76832453208 5.40823007809472 0.763636363636364 10 1
6.48675916551 9.15791712715 2.54825444524395 0 9 1
6.49296228892 3.31885987407 4.73019051073171 61.9669421487603 6 1
6.49405351597 4.74113115164 5.52138090632853 3.58677685950413 8 1
6.49678035701 3.31637263591 5.24023057042603 62.1239669421488 9 1
6.49837750849 3.38904971244 6.90050833395772 54.4628099173554 7 1
6.50038534186 9.1464710572 1.77250000903276 0 8 1
6.50045244209 3.59690898231 9.05890979309891 28.2396694214876 7 1
6.50189424991 3.24117564542 6.29086693195867 47.3636363636364 8 1
6.50579840795 8.87016201696 5.68194231902118 0 9 1
6.50720123836 3.19201461276 4.53817635126057 37.9173553719008 10 1
6.51633680839 5.67282952693 4.26168976635152 0.760330578512397 8 1
6.53433439066 3.38757029698 6.8901614428784 51.7727272727273 8 1
6.55332176691 7.02906000742 3.70096554241938 0 10 1
6.58890953692 3.37870207828 7.38581290659196 56.5681818181818 8 1
6.59894318499 3.32829954463 10.6560573414562 63 4 1
6.60106374452 3.30792972603 7.97778481621355 62.9256198347107 7 1
6.60385096475 3.49602227601 8.92148301078339 38.1916666666667 10 1
6.63036521164 3.31816332437 6.03481029949175 62.8677685950413 8 1
6.64530644829 3.30560856778 5.41689652295851 62.4833333333333 5 1
6.65330181734 3.26893565308 6.74669623815889 58.4083333333333 9 1
6.65413238327 3.83758150929 2.99403302277593 0.325 3 1
6.6566194036 8.20003878675 2.81393659533794 0 10 1
6.65726327818 6.26200391636 3.77771486506126 2.27272727272727 10 1
6.66794394016 3.32278630171 8.33735178619548 59.6818181818182 9 1
6.68239350802 7.29851954082 2.71458943750657 0.439393939393939 10 1
6.69062278476 3.29377484926 6.77001160817616 56.1818181818182 9 1
6.69108625754 9.17602405307 1.80237367310489 2.16528925619835 9 1
6.69118125694 8.13510252436 1.30179560190628 0 10 1
6.69323689452 9.22460085821 4.87134053517433 0.231404958677686 10 1
6.70744963598 3.28768108533 6.63630241981478 51.8939393939394 9 1
6.70773000195 3.24220248127 6.47508487371333 54.1157024793388 8 1
6.71628234929 8.94761488299 1.99268963339557 0.181818181818182 9 1
6.76793731983 7.64815866874 2.50166888724884 0 8 1
6.78580876206 7.4526490073 2.92554246443468 2.21969696969697 10 1
6.79027591066 4.4881754665 4.62224484733942 0 10 1
6.7904710982 8.21331932541 2.49979101620565 0 10 1
6.80038984022 8.92703039084 2.25612159052423 0 10 1
6.81385092027 3.9216782682 5.07678293141621 18.5984848484848 10 1
6.82742963208 7.44800231149 2.78704853113928 5.47552447552448 10 1
6.85052200156 8.44516756605 3.59110082863751 1.92424242424242 10 1
6.88937141272 8.93042296277 2.42305134377869 0 10 1
6.92189164454 7.3908807764 3.00956147478152 3.55944055944056 9 1
6.92659672268 7.53273181216 5.25843167870389 3.44755244755245 8 1
6.92855674353 4.79402894454 5.52381765602892 0 9 1
6.94607655044 3.91648964653 4.16095350280439 5.00769230769231 7 1
6.94978053571 7.4785457797 3.93191843095147 5.4025974025974 8 1
6.9622348347 3.65447486882 4.33305092697084 6.94285714285714 7 1
6.97735634678 3.67200926352 3.5739826002594 6.00649350649351 1 1
6.98824307276 4.83829966451 4.98216821213327 0 1 1
6.98925008423 7.44972717968 2.70002319959732 3.03030303030303 9 1
7.00887166636 3.80461643473 3.75158141400321 0 7 1
7.01328752039 3.5581495363 3.5076650779101 0.8 8 1
7.024700005 7.85588266464 2.43036349209784 0 10 1
7.02536234292 4.65917597699 4.46772745225063 0 9 1
7.03818788075 6.06581164329 2.47329791725607 0.613333333333333 10 1
7.11120144337 7.74246020701 3.91903380555326 0.318181818181818 10 1
7.13124337986 7.67714309718 5.97219464880574 1.07386363636364 10 1
7.13253377255 8.89928429772 1.86371185111072 0 10 1
7.17049054387 3.33525624451 6.32139073327201 29.3823529411765 9 1
7.18153477595 8.12388325776 5.43967496781175 5.54545454545455 10 1
7.18499237084 9.05983389603 2.85366783524816 0 10 1
7.2095517303 3.01948250285 4.70257370615347 0.994949494949495 8 1
7.21541359549 4.9475451581 5.86786603114071 0.621212121212121 6 1
7.22467705161 7.71568738461 2.59492946721952 0 9 1
7.23891062262 7.23659197226 3.46830139634027 0 10 1
7.24489609069 4.83166821641 6.04981328130248 1.15789473684211 10 1
7.24953956032 10.1621259421 2.34053936621336 0 10 1
7.25862807651 5.20721888525 9.55515170035058 24.2392344497608 6 1
7.26414092367 9.919658635 3.59001749382036 1.80454545454545 9 1
7.26423756267 9.01303946971 2.35628032098952 1.76818181818182 10 1
7.2775054367 6.27529360525 3.43681372947272 3.41148325358852 10 1
7.29990524986 5.1701071426 5.56164834469503 17.2545454545455 10 1
7.30081530784 3.86898330777 16.2658526666942 17.9454545454545 10 1
7.31015034768 9.82258297564 1.75961648923298 0 10 1
7.31804344148 3.89513103445 6.69798388229909 25.6147186147186 7 1
7.35808994871 3.91623048611 4.97956170946807 40.5296442687747 6 1
7.35828832308 3.9598512318 4.58249839006943 32.0671936758893 8 1
7.35893181932 4.39502249912 4.56832132239139 0 9 1
7.37200520944 3.91770305651 4.50537668770852 44.7786561264822 5 1
7.37355391494 3.98900585707 11.1316401801912 26.8221343873518 8 1
7.37786817355 4.18305513144 5.69981188863856 4.37154150197628 6 1
7.37946116473 4.17270774675 6.81157962720355 4.71666666666667 8 1
7.38892819652 3.89482817894 4.32459137044173 46.7765151515151 7 1
7.39648950533 3.98182282721 5.63982056443047 31.704 9 1
7.39917871104 3.91948742003 6.08667112763821 44.8106060606061 7 1
7.42542311313 4.5521340059 6.83939128185157 2.02097902097902 8 1
7.43163396744 3.95127212797 13.6569205138981 33.0174825174825 3 1
7.45896346014 7.26950147266 3.63198889365433 1.2012987012987 10 1
7.46485632748 5.4293907403 5.14608755325056 0.685064935064935 8 1
7.46997710189 4.56649950107 6.21881513854835 7.5551724137931 8 1
7.4784735717 5.7386355919 5.85364183310899 2.14666666666667 4 1
7.48888422073 7.65083462038 4.87473973761624 0 10 1
7.49600299304 5.22505704647 6.37589021015913 1.57741935483871 4 1
7.49739372718 4.53769734933 5.26523945952639 8.97878787878788 9 1
7.51514666615 8.10456074405 2.18390075428427 0 10 1
7.52350767909 8.46567823069 2.47691060356545 0.0633608815426997 9 1
7.52376225446 3.89493785503 8.06525491965282 6.62566844919786 6 1
7.53436805391 3.92693336156 9.62794275938777 5.59090909090909 8 1
7.54357282967 7.61435948 3.75242494804666 0 10 1
7.54685598907 3.53921050284 4.66995845940174 1.00757575757576 4 1
7.58372905586 6.18160726881 4.03364232336079 7.18863636363636 10 1
7.58639772801 3.56382399982 5.52317820292463 0.853658536585366 10 1
7.59186884135 6.23380199293 5.49053796927562 6.980044345898 10 1
7.60165054852 5.00019484456 4.68577022414802 1.45243128964059 7 1
7.61626984968 5.20515120732 10.4141763025953 6.53557312252964 7 1
7.62206362788 5.37763959247 5.95290577834525 5.65183752417795 4 1
7.62842757176 5.73993434174 8.35867284475326 0.525 9 1
7.63424970989 4.25444689504 5.01408387423588 2.71090909090909 7 1
7.63633308132 4.7885729038 7.24781039594885 5.26 4 1
7.65536420745 7.28227086573 3.65810887830516 0 10 1
7.72299962882 5.7230213615 6.30688395613231 0.209200438116101 9 1
7.7352051419 8.47753518815 4.02418952767673 3.87812187812188 10 1
7.74373029764 10.0675409929 2.64168379397518 0.109461966604824 10 1
7.75268334939 4.55402517616 3.38185441313285 4.86449399656947 10 1
7.75634569439 4.54948169538 5.91237521542563 4.99262899262899 9 1
7.75799548621 4.5611510431 4.27585248590176 4.98051948051948 10 1
7.76981625019 4.56251682285 7.60254560309988 4.58167613636364 8 1
7.77312939035 4.78598293313 5.85618611898413 4.58751696065129 10 1
7.79737988888 4.77880287277 5.05004838402307 3.24354066985646 9 1
7.81889462484 4.56016534963 11.4667152931004 2.37251998815517 1 1
7.83990187571 4.92200036268 4.4001842506853 1.39586410635155 9 1
7.84630300853 4.52226616826 4.21408061003516 1.02974683544304 9 1
7.86320958848 3.91913721389 5.1786622986817 0.968469656992084 9 1
7.87623366503 4.13359234294 4.08440809928223 1.1283422459893 10 1
7.88418905546 5.00894494098 6.46052450202486 1.42322383498854 7 1
7.9085792557 4.68735434357 6.75788784413737 1.60835629017447 9 1
7.91724465814 5.77211251871 3.82896524733171 0.835294117647059 10 1
7.93123660997 4.71991263524 5.3451962651013 1.6038961038961 8 1
7.94794794807 7.84960063268 3.27651843931342 0 10 1
7.95773268283 3.15073058731 3.93471516615058 0.310314685314685 6 1
7.98061020934 5.98696096111 4.53634187076062 0.118393234672304 10 1
7.98153287211 3.59347717923 3.62200942294865 1.14331550802139 8 1
8.0419742501 5.04121203164 5.68006672111487 1.29665071770335 8 1
8.08520331136 6.79746807593 5.56251206130322 0.294003868471954 10 1
8.10138618274 5.24942505029 4.82245952511196 2.20247933884298 9 1
8.1299959029 4.3959858225 2.64582232987318 2.8425 7 1
8.15356409038 9.20130225445 3.01360535897757 0 7 1
8.16654935232 4.98359605739 3.61958123298724 2.13506493506494 9 1
8.1719087494 6.9180044512 3.28372224271577 0 10 1
8.18442915554 4.73393810378 5.88149706660621 3.00826446280992 10 1
8.28819697301 10.567237298 1.71686208458318 0 10 1
8.30266963237 12.0444336999 1.98961958481948 0 10 1
8.30851254193 9.00809627385 4.63335437014431 0 8 1
8.32841838002 3.56125462387 4.67107502858034 0 7 1
8.43075126585 4.57397047246 4.45094807684238 19.6318181818182 9 1
8.47932345503 8.51633676412 5.07644672260191 5.82631578947368 9 1
8.4870992479 4.55536125312 6.59997200397369 36.0833333333333 9 1
8.50186911091 4.54915612745 5.486948551701 32.7373737373737 10 1
8.50554868677 4.48776953432 5.05323663074501 18.6464646464646 10 1
8.51069505625 4.53522167642 5.16070026068176 30.0252525252525 10 1
8.52688744438 7.55123763782 2.65931093488074 0 9 1
8.6125691508 8.11639579557 2.9223324628834 0 10 1
8.62181879098 10.8149500964 2.99824270157542 1.04242424242424 10 1
8.65495911471 2.96908456774 3.3152530510939 0.606666666666667 7 1
8.67984677076 3.39735353797 6.31848367687562 5.52 10 1
8.74567656938 5.60812372908 2.87483944474085 0 9 1
8.74629167618 9.60817054693 2.99315462617397 0 9 1
8.82539956842 11.1790836584 1.11368708394654 0 9 1
8.88737925291 5.46631081881 4.37998477812284 0.330769230769231 10 1
8.91239725593 6.07976381781 3.40116868439087 0 10 1
8.95937097796 12.1543140636 2.23328791422456 0 10 1
9.03428622105 7.57818979513 8.22318176566868 41.0378787878788 10 1
9.03735536248 6.39690707898 3.38382096883079 0 10 1
9.05460716739 9.62755412848 1.7528707056138 0 10 1
9.05858899668 3.55032088937 1.9945657636961 0 8 1
9.0597890184 5.99411675023 4.88797871383505 8.57575757575758 10 1
9.06398918316 11.6950075619 2.63995576414582 0 10 1
9.07087001397 5.82079810028 4.51297443466022 0 10 1
9.08325008923 9.87545223454 1.74844333765399 0 10 1
9.08816706561 7.31545378616 5.49393295565249 22.9090909090909 9 1
9.08945959452 3.78671717101 2.35583723890377 0.46969696969697 10 1
9.09237769678 6.01558817301 6.06941285288656 10.9338842975207 10 1
9.09914166639 7.27965069488 2.56797905862192 22.6136363636364 9 1
9.12877805025 8.95543491536 1.93967717209593 0 10 1
9.13802780288 8.75076675726 2.88645970554318 0 10 1
9.14919109044 7.35656503051 10.6705546307923 41.7272727272727 9 1
9.1871681018 11.2531410891 4.10349475523151 0 10 1
9.19954661318 7.2099953419 4.18571521278048 20.2479338842975 10 1
9.20953725138 8.47389041737 2.83466486918437 0 9 1
9.22770474161 5.69804736716 4.03116746832095 0 10 1
9.27522623056 9.80628007393 1.82437033371303 0 10 1
9.29200984861 7.84289110421 4.31940354951828 0 9 1
9.30880996144 11.1451709661 2.0996695096427 0.264462809917355 10 1
9.33287881009 11.7819675423 4.24084948587614 0 10 1
9.35668119389 12.1731637317 2.0328415550601 0.0413223140495868 10 1
9.36755145505 9.96841391353 3.89405924821526 0 9 1
9.3886144547 9.45231354926 2.63552848940678 0 10 1
9.41770026627 9.07009067276 2.8286259675368 0 10 1
9.45636293174 7.40496850364 2.52528818911113 0.0545454545454545 10 1
9.48618293097 11.7394204994 1.9425237244787 0 10 1
9.56832974155 6.54962621335 5.32807651163126 20.801652892562 10 1
9.58290889281 11.1869904596 3.39108116707489 0 10 1
9.61002863215 8.87897461467 5.20141193707165 0.107438016528926 10 1
9.63134879803 6.37927524336 4.23544763265111 0 10 1
9.63716058302 6.92210173525 2.3333347292101 0 9 1
9.64548319786 3.95106637041 3.76299792561398 0.972727272727273 8 1
9.64891389659 8.78061607023 3.38929904682142 0.305785123966942 10 1
9.66487825141 6.87359352803 2.65810170312443 0.578512396694215 10 1
9.66595376123 7.95938581924 2.5415689891404 0 10 1
9.68199592163 11.8269506538 2.08395141591578 1.91735537190083 9 1
9.6929650288 12.6395843417 2.27693189119747 0 10 1
9.73166283937 5.79716501338 3.45005021483235 0 10 1
9.74238406029 8.46313813412 2.87525541449557 0 8 1
9.74981773631 5.62240105707 3.48625240694366 0.289256198347107 10 1
9.76429656454 11.3007085104 5.64331762134432 0.28099173553719 10 1
9.82282273233 10.9007882495 2.58917036711506 0 10 1
9.86015744722 11.1997429657 10.2608992223254 1.26446280991736 10 1
9.89311364116 8.86683118559 4.82890005335821 29.4965034965035 10 1
9.91793841438 11.6894166432 3.75812290029264 0 10 1
10.0746622967 9.60863965762 2.11599216787276 0 9 1
10.1581945175 11.4693760711 3.33974564813248 0 10 1
10.1941516025 12.4560676383 2.32842563190163 0 9 1
10.2374167796 10.1316668985 3.06414954538134 0 10 1
10.2669058861 4.67390470965 2.37131837618569 0.238636363636364 8 1
10.2686739218 13.2386102614 3.78124560574949 3.31818181818182 10 1
10.2710717474 13.3077304864 5.32382397033246 3.15294117647059 9 1
10.2772898378 12.2024280508 3.71215611509732 0 10 1
10.2832908043 12.8870466619 2.57057687145337 0.585227272727273 10 1
10.286224686 9.63766289493 2.19253431085765 0 10 1
10.2960624391 11.1851232783 6.76990817205836 24.3 10 1
10.3043968777 9.84682965897 6.03504060701657 20.7529411764706 10 1
10.3056619439 11.1688801061 5.10585644861442 22.7379679144385 8 1
10.3669816879 9.50270725802 2.55122270253108 0 9 1
10.3715897296 8.13970747612 2.27984526423377 0 4 1
10.4307765955 5.55735774683 2.73679438813474 2.39090909090909 10 1
10.4677191255 8.53800604067 3.68892653388314 1.39669421487603 10 1
10.4839449376 11.3966333392 2.90518738692128 0.0413223140495868 10 1
10.484650388 12.3562981682 2.95138878271252 0.640495867768595 10 1
10.5412424269 7.44285314996 4.6618722260451 31.2981818181818 9 1
10.5770578857 12.1764651264 7.62607067553555 1.64309764309764 10 1
10.6546031992 10.4737639515 2.53841806718926 0 10 1
10.7021170344 13.4417466208 2.03207783824468 0.0368550368550369 10 1
10.7394632837 13.260100687 3.05845897622096 0.0422832980972516 10 1
10.7770268111 9.17261204795 2.83876542001252 0 10 1
10.8547917358 9.80578418282 3.47935883731807 0.0194805194805195 9 1
10.8857336676 5.862466598 1.14648585340775 0.025974025974026 9 1
10.907719355 10.0246378001 2.28650228427126 0.0480413895048041 9 1
10.9169051641 5.84286840951 2.58478772089119 0 8 1
10.9806662217 12.9723469933 3.19234435765279 0.0898641588296761 10 1
11.0608308749 7.70897915206 5.08203470664663 1.46611570247934 10 1
11.0643969104 12.7133017857 3.03007497955669 0.0268065268065268 10 1
11.0952703402 13.7115867298 4.06397549937001 0.289814814814815 10 1
11.1017295472 5.2633283335 4.11720797910649 0.114081996434938 10 1
11.1033977064 12.3108671873 3.0102062460276 0.005 10 1
11.1106189745 4.58047882022 3.47955454626194 0 10 1
11.1419320413 8.81329488971 2.23701821449625 0.170761670761671 10 1
11.1574179904 13.4246301277 4.06888923368712 0 10 1
11.2007416658 12.0652799906 2.0568112421311 0 10 1
11.2572989757 8.18148303502 19.1976641482665 0.277056277056277 10 1
11.2616479843 8.37380695819 1.78655396624427 1.09024390243902 9 1
11.2880018929 5.9197808717 2.39833691218496 0.505263157894737 10 1
11.293493688 4.78194366032 1.84586464370783 0 10 1
11.3007607386 7.39367239612 3.26486491733756 0.26010101010101 10 1
11.3020426575 5.50842843729 2.73833162113375 0.111688311688312 10 1
11.3054656725 7.73390156157 2.58321641942673 1.51948051948052 8 1
11.3166836958 10.4600436913 3.14808287879003 0.871657754010695 10 1
11.3464053716 11.496858733 1.72349172588539 0 9 1
11.3860417188 6.35299796525 1.91033984009653 0 10 1
11.3952454571 9.47448023343 2.10494852191282 0.785185185185185 9 1
11.4159341831 7.26466004548 1.79641368346721 0.465034965034965 10 1
11.441262395 9.47007916968 4.02532926727917 1.73454545454545 9 1
11.4479194346 10.5742279392 3.65480270274184 0 10 1
11.4991519288 10.0713191817 2.6303041256425 0 9 1
11.501207438 10.760756183 2.86723412080433 0 10 1
11.5065035262 7.4355870141 1.99504432560988 1.32231404958678 10 1
11.5164885822 13.7082925982 5.95118146243168 0.835497835497836 10 1
11.5241485116 8.63256828449 4.42269923124747 0.852813852813853 9 1
11.5429155065 9.25703143653 3.70378041050987 0.865800865800866 9 1
11.5432984179 8.56002089334 3.34181428431095 0.978354978354978 10 1
11.5544531259 7.85926829828 2.40724757311362 0.119047619047619 10 1
11.5595921311 9.01875772705 2.18452507993505 0.618181818181818 10 1
11.5816859996 9.26383069032 2.27739859169948 1.30909090909091 10 1
11.6094184201 7.56122765696 2.11603481244262 0 10 1
11.6150199084 4.54156296556 3.21188669913697 0 10 1
11.659794093 7.29415945594 1.82176438042894 0.0808080808080808 10 1
11.6733216464 13.3750413846 5.96679935832347 0 10 1
11.79131569 13.1481753581 7.0958859587534 10.4969696969697 8 1
11.8005479846 10.1952772777 2.81089222846466 0 10 1
11.8033644608 7.64538375781 2.87954048653132 2.94666666666667 10 1
11.8059382542 7.61681591533 3.05111515521034 2.8 10 1
11.8291673477 7.91950109695 1.83980228771257 0 10 1
11.8332427578 13.1054982827 3.7599370064594 14.3701298701299 10 1
11.8433628127 7.07152542576 2.16943523873239 0.38961038961039 10 1
11.8467109339 3.66529444486 2.73462444707261 2.86666666666667 10 1
11.8492343931 9.46469923892 1.24587483878065 0.0324675324675325 9 1
11.8571196339 9.9700291945 12.166725237784 0 10 1
11.8642874349 8.99795946991 3.50144527574995 2.1038961038961 10 1
11.8718882672 6.03096011092 1.6503635051104 0 10 1
11.8785576374 8.44793698763 2.29208523439397 8.70714285714286 10 1
11.8982900567 8.49050038478 3.42313765967094 16.7987012987013 8 1
11.8996910359 8.60117569382 2.91108841130964 11.041958041958 10 1
11.9186358868 9.26012133523 1.21096667535965 0 10 1
11.9201398279 8.76261026754 2.77838933512317 0.114285714285714 10 1
11.9789019846 9.20491988745 2.43496971717078 0 10 1
11.9877560788 8.52976660735 5.75051587119944 60.2 9 1
12.0379146953 10.8239952908 2.35254597120723 0 10 1
12.0479308079 8.47145788827 3.93236378016653 29.8257575757576 10 1
12.0691673277 12.8667110442 3.94548057004745 0.104895104895105 10 1
12.0795111741 10.0555037438 1.9218260643357 0.166666666666667 10 1
12.0796024717 10.2957219264 3.4416125710456 0 10 1
12.0816159671 7.42099471614 1.55460941165047 0 10 1
12.1411646605 4.98389087398 2.41487336087528 0 10 1
12.1467705869 6.64603847955 2.50086735076386 13.3939393939394 10 1
12.1483262237 8.36706976593 3.45125565643899 2.44628099173554 10 1
12.1538731644 4.84744728169 2.44110049721695 0 10 1
12.2157681712 8.23884299654 2.30572324028776 3.00757575757576 10 1
12.2528006094 7.61914102769 3.29019197351004 0.0826446280991736 10 1
12.2849957239 6.58707664117 1.94897823418437 1.72727272727273 10 1
12.2871702475 9.7172267552 1.57978388405383 0.990909090909091 10 1
12.3025260564 13.2292135855 2.81557616237799 0 10 1
12.3031192396 11.9049071279 2.22896992779659 0 10 1
12.3199073143 4.34470881753 2.56868533237974 0 10 1
12.3370895212 7.3436905832 1.97564925058165 0 10 1
12.3416785167 9.64571332374 2.05864296329603 0.0378787878787879 10 1
12.4002193728 7.41242023946 4.11852756769114 0.736363636363636 10 1
12.4204652598 6.22865247517 2.31690739191853 1.37272727272727 10 1
12.4380666964 10.0322812644 2.60120681353001 10.4090909090909 9 1
12.4454665016 7.49114788919 6.00232253028925 4.22727272727273 10 1
12.4497965742 4.19027819896 6.46200432807082 18.3884297520661 10 1
12.4810927555 8.16065247737 1.93532834492015 0 9 1
12.4842472103 13.1824663666 5.94447803833394 0 10 1
12.485355824 12.5686126158 3.23827988778573 0 10 1
12.5057920973 6.58623261754 2.27716254923241 0.71900826446281 10 1
12.5235104109 8.55016318397 2.06117612233914 0.0413223140495868 10 1
12.5360340355 6.78546378416 1.80153902894994 0 10 1
12.5373078978 4.15778390928 2.93885343692459 0.163636363636364 10 1
12.5625360226 8.3137849757 1.82235859203966 0 9 1
12.6475821647 8.89407428174 2.34434453768496 0 10 1
12.6613866589 3.90166933878 2.14040467766859 0 10 1
12.6718093326 13.630725102 7.46412661558101 1.13223140495868 10 1
12.6823265282 10.423477946 2.39145442215955 0.900826446280992 10 1
12.6838444723 7.93324832422 1.87730293339379 0 10 1
12.6884287547 4.79902148056 2.56682731549781 0 10 1
12.698645094 8.62238781524 2.21748418830546 0 10 1
12.7060914988 8.25431289722 2.12021963485391 2.4 8 1
12.7213614868 7.46485091618 1.77760586950851 0.0909090909090909 10 1
12.7339831806 11.8217241687 1.82167189050203 0 2 1
12.771416817 4.82385170099 2.33836110240019 0 10 1
12.7794112921 7.64977181716 1.64709417785612 0 10 1
12.8418437051 10.9268915237 3.43966339170064 0 9 1
12.8569995948 10.5657037996 2.61244474650623 0 10 1
12.8611787642 12.6757713436 4.25397916259738 0 10 1
12.8860289818 11.0613351656 2.93242631921227 1.99242424242424 10 1
12.888358473 10.4580051735 9.90796294872735 3.99090909090909 8 1
12.9440886541 7.23331565869 2.28576230022293 0 10 1
12.9638173024 5.1988185299 4.80898757318252 10.6446280991736 10 1
12.9676199074 7.58042773536 2.19916795360995 21.7954545454545 10 1
13.0813322181 5.28111344582 3.81819156542978 17.4242424242424 10 1
13.0932336793 13.8145696846 13.9297596332757 1.66666666666667 8 1
13.1155370454 10.0449155894 3.38145076965084 0.21969696969697 9 1
13.2028054026 7.72146816455 1.35031061808006 0 10 1
13.3398965064 5.21448047832 4.31192949369498 1.21818181818182 10 1
13.5555422996 6.24664666703 2.82983541390806 1.01818181818182 10 1
13.7142474624 5.55755290226 2.49222301041091 0.37037037037037 10 1
