"lat" "lon" "cons" "nl" "n" "sample"
-11.4970123249 35.6076255042 1.96311217353411 0 13 1
-11.3667549011 35.0224675311 1.78035252042236 0 1 1
-11.315454126 34.7862970999 3.7959375573927 0 9 1
-11.267839701 34.7884049024 2.8022551607782 0 1 1
-11.2404514254 38.33209914 9.04899928656785 0 1 1
-11.2012125073 35.3468738771 1.19072795601974 0 1 1
-11.1703191963 34.9964716241 1.86362326319251 0 12 1
-11.1618291011 35.4674338839 3.4130289107068 0 1 1
-11.1304756689 38.528375051 1.21791992844027 0 1 1
-11.1127016122 38.4629931414 7.4792249322182 0 1 1
-11.1087903236 34.6421658288 2.29099011510382 0 9 1
-11.0780505125 37.3247080963 0.817068870442936 0.138098542678695 1 1
-11.0724511372 37.3192514844 2.85742028590545 0.129220779220779 11 1
-11.062240589 37.3051757552 5.46244264583131 0.158024691358025 9 1
-11.0443711361 34.6598029279 8.07863651564438 0.146030440148087 1 1
-11.044048051 38.1831269594 4.98722304805341 0.128414186710151 1 1
-11.0262823921 37.362473797 3.28229204486303 0.081353305785124 10 1
-11.0119370026 37.2691084887 2.32756724722984 0.0452200303490137 7 1
-10.9874462869 34.8933878158 3.78690105805065 0.0475867269984917 12 1
-10.981236236 35.0422782094 3.13225018054726 0.0767649903288201 1 1
-10.9714279638 37.39884616 2.11189450670705 0.0116331096196868 9 1
-10.9505694462 37.4387814884 2.41224129145703 0 1 1
-10.9505471404 39.2777689026 4.83294099000579 0.0507575757575758 12 1
-10.9393721764 38.3953678051 2.45489767811603 0 1 1
-10.9309871113 39.4037209019 1.83913572388425 0.0729450190528035 6 1
-10.9208769633 39.2926942753 8.0006393879791 0.0924137931034483 9 1
-10.9202339616 38.4762802371 2.82489408275496 0 11 1
-10.9183934217 39.3589398477 2.74228007393761 0.0876389797253107 1 1
-10.916402672 39.3427062603 3.17849735885956 0.0889183808891838 1 1
-10.9113323051 39.6383616081 14.2379920101414 0.0866477272727273 1 1
-10.8776946161 39.7235629408 1.96445568733285 0 1 1
-10.8758642315 39.6613308814 0.5828668424179 0 1 1
-10.8698608032 39.7722727755 1.33881767289729 0 1 1
-10.8638518884 39.3435805857 4.35044229342749 0 1 1
-10.8567162216 39.1481155257 0.9254398537043 0 1 1
-10.8526338524 39.3925343551 2.53404543741791 0 1 1
-10.8499100642 38.7712088052 3.12835379091892 0 1 1
-10.8444701079 39.7615866141 3.46188914836407 0 1 1
-10.8363756837 38.7993439648 1.46923717190308 0 1 1
-10.8339031339 39.6313789733 1.42981166734656 0 1 1
-10.8334915333 39.3881477176 3.60546692570827 0 9 1
-10.8316089119 39.7388824298 1.97623931459271 0 10 1
-10.814478961 35.2847225571 2.67128730715096 0 1 1
-10.8119998781 39.4753451943 2.12682912592279 0 1 1
-10.8023137682 39.3275441437 3.01768731973161 0 1 1
-10.7995220047 39.421460278 1.81245832977358 0.0649350649350649 1 1
-10.7963029763 39.5170007783 2.56185628933305 0.0727272727272727 10 1
-10.7956744316 37.7944945739 1.41251559380366 0 1 1
-10.7949647148 38.6445300857 2.04554268771846 0 1 1
-10.7920607683 35.7555383543 2.34268912750287 0 11 1
-10.7834295755 39.1128015083 3.51418914949244 0 9 1
-10.7780833291 38.767341617 2.97514677655196 0.3 9 1
-10.777879528 39.7102249877 4.29050738467402 0.0927272727272727 1 1
-10.7655473163 38.8097382271 3.24070414998602 0.48936170212766 1 1
-10.7641305791 39.7160296717 8.20125619205896 0.0986460348162476 1 1
-10.7580926217 39.6907536691 3.86014048831953 0.100790513833992 1 1
-10.7577941277 39.458064319 3.8828722629836 0.103030303030303 1 1
-10.7571102817 39.7564602661 7.86053501754324 0.100790513833992 1 1
-10.751944876 39.73563125 5.17516099855346 0.103030303030303 1 1
-10.7479750461 39.3326789828 2.89013174350226 0 1 1
-10.7466199513 39.5066535311 2.56544477105362 0.115909090909091 1 1
-10.7462003406 39.3636173063 2.61600073016406 0 1 1
-10.7445486699 38.6585035453 2.2767192979137 0.94291754756871 1 1
-10.7285414679 38.8102123839 5.85743948717712 1.16829268292683 1 1
-10.727794833 39.4054147592 2.37445478890304 0 9 1
-10.7268364477 39.5026064991 7.65805371102347 0.115909090909091 1 1
-10.7221658578 38.8038733788 6.58319476961097 1.08863636363636 12 1
-10.7204719027 40.0686716454 2.93623611732967 0 1 1
-10.7157329555 38.7633523304 2.40342761481533 1.11655011655012 1 1
-10.7156329244 38.8229893359 11.9985874110346 1.11655011655012 1 1
-10.7134606356 39.739994498 1.86146680828195 0.0792540792540792 1 1
-10.7132425922 35.6127398892 3.44100296095702 0.918421052631579 1 1
-10.7047053325 39.4104014733 3.03171104051394 0 1 1
-10.7029155489 38.8143648296 11.4360453521583 1.08353808353808 1 1
-10.7015940883 35.5923612601 3.11058713160091 1.58230958230958 1 1
-10.7013107284 39.3385682002 1.79961608683711 0 1 1
-10.6975841074 39.8251899442 2.16612255043166 0 1 1
-10.6889448239 39.8021695743 1.36930489499606 0 1 1
-10.6865553173 39.5422758497 1.86355020680729 0 1 1
-10.6839063486 38.9737137731 5.41813830550065 0.109090909090909 1 1
-10.6794731855 35.6605164051 0.597183848113433 2.40285714285714 1 1
-10.6781068525 35.637440649 3.68373193389737 2.41711229946524 1 1
-10.6715191588 35.6372767923 8.29942001513256 2.65882352941176 1 1
-10.6663259898 35.6347922717 2.44889440565732 2.61157024793388 1 1
-10.666309131 35.6293452477 3.78338950376653 2.53475935828877 1 1
-10.6621306523 35.6369792484 7.95620676241012 2.87272727272727 1 1
-10.6603362736 37.0768710056 1.79673515044966 0 1 1
-10.6592898131 35.6464023404 4.66383148376542 2.78693181818182 1 1
-10.6569016689 34.6729837812 2.52030025998229 0 1 1
-10.6527297923 35.6340135881 7.20626800688338 2.74715909090909 1 1
-10.6509333783 39.602920938 4.5612534993194 0 1 1
-10.636890289 38.0998161167 3.37719168233525 0 1 1
-10.6298529789 39.8815677592 1.92434116379414 0 10 1
-10.6288689992 39.764404286 3.41254341910711 0 1 1
-10.6280174276 34.6579888945 1.98234532889694 0 1 1
-10.6232050848 39.4103030275 2.35684943992964 0 1 1
-10.6121222069 39.7503701614 1.95991546419079 0 1 1
-10.6055254976 35.4889842628 4.61347653668145 0.172077922077922 9 1
-10.5992747392 39.3808360925 3.28920108592617 0 1 1
-10.5917164046 39.4096450057 1.69015952907676 0 1 1
-10.5835328404 38.0272983408 2.74778349462768 0 7 1
-10.5793690853 38.8901361881 5.13975443331461 0 1 1
-10.5783900886 39.3646393888 2.76957925391856 0 10 1
-10.5746698516 38.8959056067 2.04583638734886 0 1 1
-10.5699281844 35.3534570885 1.95964159667033 0 9 1
-10.5673291727 38.9281219628 2.52934734550378 0 9 1
-10.5663070877 34.6172289454 2.50452232491987 0 10 1
-10.565719741 38.9167426852 6.65659417289867 0 1 1
-10.55893687 39.8604429016 10.3413515693386 0 1 1
-10.5480758644 36.3218622396 1.26421745804773 0 8 1
-10.5221610884 38.9930401681 2.13207127121706 0.16600790513834 1 1
-10.5216624934 34.7134374332 0.990986780775409 0 1 1
-10.5136692047 38.8469463898 1.33236207036312 0 1 1
-10.4957076511 39.0229269787 5.22425866541722 0.245454545454545 1 1
-10.4816059183 35.6880209004 2.24892295308001 0 6 1
-10.4739907173 39.4059335135 1.89992640849357 0 1 1
-10.4725391013 39.9116155652 1.47541688776402 0 1 1
-10.4604999998 36.1262454366 1.16440169041866 0 1 1
-10.457002268 39.0766198864 3.93957451985804 0.233766233766234 9 1
-10.4546570651 38.6755917016 2.49485411346681 0 1 1
-10.4349448141 39.1260184489 3.90744467348462 0 1 1
-10.4334047139 39.779625615 2.48023478342452 0 10 1
-10.4324357076 40.1406954918 2.46164951292147 0 1 1
-10.4135923991 37.9175690824 1.19682700632372 0 1 1
-10.4093880784 38.4584854963 2.33570643020708 0 1 1
-10.4066532757 39.7441036265 1.06424344712899 0 1 1
-10.3911118727 39.8341703818 1.94045095178958 0 10 1
-10.3865941942 39.9888639763 3.23612682437258 0 12 1
-10.3829078635 38.7555478091 4.38682904029115 0.92822966507177 1 1
-10.3698674946 38.6691469615 3.77849804531876 0.196969696969697 1 1
-10.3542185451 40.2524602493 2.8525466968914 0.316666666666667 1 1
-10.346339664 39.3055098988 10.6897689368509 0 1 1
-10.3349711907 40.223984237 5.39721165340758 1.62566844919786 8 1
-10.3297650751 40.3049792057 3.1285193358283 0.0944444444444444 1 1
-10.3250660245 40.4212226251 3.56518958757651 0.353535353535354 1 1
-10.3200130614 40.1720442751 1.39855388294151 3.1 1 1
-10.3142794462 39.3599927341 1.27163001952201 0 1 1
-10.3119858029 40.1469602465 4.84758198231076 4.44705882352941 11 1
-10.3114671078 40.1545427975 7.47611312520644 5.59358288770053 1 1
-10.3092067685 39.8856006254 0.713556066173142 0 1 1
-10.3087946757 40.1662360108 3.92719796275989 5.59358288770053 1 1
-10.3070372616 40.1491524286 3.29019105433584 5.47058823529412 1 1
-10.3067292861 40.1514685691 9.09915899128663 5.47058823529412 1 1
-10.305893249 40.1887077828 2.35558605809964 5.59358288770053 1 1
-10.2986281147 39.8851338765 1.8519675587252 0 10 1
-10.2980740738 40.1699152455 4.66564347258878 6.8716577540107 1 1
-10.2980398667 40.190750962 3.03541844200383 6.8716577540107 1 1
-10.2935248831 40.0352394904 8.2403808802489 0 1 1
-10.2855671154 40.1974592317 5.19398530093327 8.72727272727273 9 1
-10.284821339 40.1357067463 6.95579229084393 7.13636363636364 1 1
-10.2839277311 35.8617141806 2.23874308651753 0 1 1
-10.2826094078 40.1770131197 8.12949578382688 8.72727272727273 1 1
-10.2782382319 40.2026272262 3.33413959576463 8.75568181818182 1 1
-10.2753682125 40.1823638829 4.46178157884369 8.29946524064171 1 1
-10.2743373585 40.188135721 9.3612551204678 8.81818181818182 4 1
-10.273354289 40.1732053541 4.47001737148878 8.81818181818182 1 1
-10.273104433 40.1780879355 5.38658754192859 8.81818181818182 1 1
-10.2713208242 40.1741360126 8.45858742778032 8.86470588235294 9 1
-10.269359865 39.9954362495 0.864672309371423 0 1 1
-10.2670904517 40.1837266907 25.5850363386717 8.05882352941176 1 1
-10.2405149954 39.8822220627 2.13342013710111 0 1 1
-10.2387220352 38.9223753732 2.14906162813864 0 10 1
-10.2345027175 39.2819325784 3.41814468600585 0 9 1
-10.2293588063 38.8215795291 2.48744816620271 0 1 1
-10.224318615 37.8767559874 2.30830389111914 0 8 1
-10.2172498723 39.8771129482 2.61745665544155 0 1 1
-10.2131487761 39.8595887761 7.19125599216757 0 1 1
-10.2096740114 40.0685180066 1.59266160953258 0 1 1
-10.2072776978 40.0665310371 3.97697107963285 0 1 1
-10.2008748614 38.892670924 4.77461348797171 0 1 1
-10.1946304119 38.9165679373 4.67148009031548 0.0848484848484849 1 1
-10.1798503587 38.6074365049 10.3158079699271 0 1 1
-10.1402762514 35.9746237308 4.35834760120039 0 1 1
-10.1309192068 39.9964207479 3.32398242472247 0 8 1
-10.1193041458 39.917459896 1.9300852860165 0 1 1
-10.1172590836 38.9210684263 4.37723147063991 0.220779220779221 1 1
-10.1143183802 39.2443904846 3.27328359389317 0 8 1
-10.1125056611 39.2705401629 3.99858572881242 0 1 1
-10.1111207494 39.8924229195 1.96439227523183 0 1 1
-10.1063823411 39.6161568082 4.37702203125292 0 1 1
-10.1004362124 38.7702200012 5.14946209353205 0 1 1
-10.0987640029 35.9029472199 1.92241923556457 0 7 1
-10.0842328565 34.5797913484 1.71055892482688 0 8 1
-10.078585888 34.6586064784 2.5409399574756 0 7 1
-10.0718089881 38.9377086804 3.56813105742379 0.655844155844156 8 1
-10.0645321785 34.6588538 7.08714538745814 0 1 1
-10.0572728253 34.5416040809 1.89076331515805 0 1 1
-10.0536200108 38.9309999795 4.25499828908452 0.776923076923077 1 1
-10.049443131 39.7026388808 4.11277977019672 0.601398601398601 11 1
-10.025120951 38.8901646492 3.19021709144369 0.657342657342657 10 1
-10.0185711242 39.7034734606 3.47555973508997 2.34265734265734 1 1
-10.0181065078 39.7113968007 6.53500868807828 2.34265734265734 1 1
-10.0162589958 39.7073935083 7.61773737504436 2.34265734265734 1 1
-9.99613617489 39.7135922046 9.2065606382156 2.94615384615385 1 1
-9.99362391971 39.6832319462 2.91308626139125 2.67832167832168 10 1
-9.98448975557 39.7025988601 7.48257227882355 2.67832167832168 1 1
-9.98396449219 37.9554840536 0.565111911780108 0 1 1
-9.98105272077 39.7073139673 3.65590502843963 2.67832167832168 1 1
-9.95145986693 39.4903109134 1.38498559569583 0 1 1
-9.94399101006 39.4945569053 3.25274273346173 0 1 1
-9.92298061583 39.3283542137 2.31173581795518 0 8 1
-9.88891056156 35.3585194761 8.41026825524935 0 1 1
-9.86794896417 39.7566228932 11.377751792362 0 1 1
-9.82215874178 34.4535367745 3.08220915206161 0 8 1
-9.80360880851 37.9810496153 4.55621372009945 0.15 9 1
-9.80098472884 37.8975093759 4.27837281630749 0.78030303030303 11 1
-9.68880747006 37.9429477872 1.42028005768943 0 1 1
-9.67539818101 37.970119783 2.32028724586527 0 1 1
-9.63818045904 33.960012774 4.70306993623028 0 13 1
-9.59524834116 33.8505576982 16.110869770908 0 1 1
-9.59511790628 37.4030965946 1.84547608483256 0 8 1
-9.5771959017 34.3346305079 4.36025805191694 0 1 1
-9.47917554744 33.1292811917 2.67084662473588 0 9 1
-9.44885518398 34.0257690629 4.12499850895573 0 1 1
-9.44713710655 33.9950359576 8.8215124783854 0 1 1
-9.44563689317 33.8520160123 1.61941734971321 0 1 1
-9.43040863328 33.0661899602 2.68654918928081 0 7 1
-9.42748897427 33.9739001079 3.00991236447824 0 9 1
-9.37413980635 34.7856170566 3.07335829411375 3.08264462809917 1 1
-9.3134818729 32.7668499997 11.6334356851467 7 1 1
-9.31087929201 33.0699658571 2.7026583268455 0 1 1
-9.31068979113 32.7640559769 8.12829320345469 7 1 1
-9.3055241265 32.7590491091 8.92480421478122 7 1 1
-9.30240469601 32.7747464883 9.33240736309985 6.82644628099174 1 1
-9.29750956235 32.7596566339 6.0148192221165 6.94214876033058 1 1
-9.29598253735 32.7988413816 5.88554855463168 4.38181818181818 1 1
-9.2835223638 32.8057157545 7.08410626445429 2.47107438016529 1 1
-9.28034916915 34.718545934 3.49566811257199 0.735537190082645 9 1
-9.27147812568 32.7961924978 3.44689089654369 2.91 1 1
-9.27083976088 33.6005397265 2.88009198239614 0 6 1
-9.25628113805 34.1083464426 15.488824401604 0 1 1
-9.24647676 33.3549881327 2.69698098912822 0 10 1
-9.23517882465 32.8414340596 3.76257756614805 0 1 1
-9.22929359548 34.6922449319 1.65176873929615 0 1 1
-9.20051459089 33.263969761 1.55594062926974 0 1 1
-9.19346283631 33.5607329404 12.0435727848269 0 1 1
-9.16790861732 33.543297528 2.70972105373762 0 11 1
-9.15958578279 33.8305097684 3.70828374134669 0 6 1
-9.1470406289 32.8802095903 2.96112146563821 0.0661157024793388 12 1
-9.13846352133 33.3379480459 2.15392706257531 0 10 1
-9.10623477873 39.5622159274 2.76600401162833 0 8 1
-9.08712494708 34.8715501623 4.70189794649408 0 1 1
-9.06518403736 34.7932079615 4.31824352645385 0 7 1
-9.00309440952 32.8551849233 4.10681414293892 0 1 1
-8.97687032959 33.9531951673 2.78585744269356 0 7 1
-8.92919042752 39.5343463596 6.02680023279632 0.938461538461538 11 1
-8.92486538752 33.4877157393 2.61079503917229 10.1060606060606 1 1
-8.92044687516 33.4723672748 4.4872278039046 12.6583333333333 1 1
-8.91802349038 33.4405416194 15.1662434845303 12.3706293706294 1 1
-8.91546980434 33.5391200969 2.43540331900561 4.43939393939394 1 1
-8.91050242558 33.5714036638 3.43661531335606 2 10 1
-8.90990072505 33.4426879546 11.2164993222676 12.6153846153846 1 1
-8.90953249437 33.4557211102 3.40519238576648 13.2727272727273 1 1
-8.90557576978 33.5274879732 6.1261438522893 5.41666666666667 1 1
-8.9022093767 33.4455698539 6.47515790936241 13.0606060606061 1 1
-8.89496338314 33.5024538371 4.6448959843344 9.69166666666667 8 1
-8.89051671507 33.0212269867 3.24136769975555 0 12 1
-8.88662767683 33.1346796391 2.18283270820145 0 10 1
-8.87715418492 33.4879420748 8.76389225156521 9.03030303030303 1 1
-8.86709505376 34.8506907096 38.0476540675882 2.95804195804196 1 1
-8.86539522757 38.8843028789 1.45049229569982 0 1 1
-8.83643344835 39.4715046557 3.19268519857393 0 1 1
-8.831164551 34.8252539545 13.8174922392596 3.04895104895105 1 1
-8.82654342053 38.8787142366 3.74611967332481 0.230769230769231 11 1
-8.82569506997 33.8642773511 1.33793222678975 0 1 1
-8.80949246432 32.9634392031 4.1546435688263 0 1 1
-8.80118767969 38.9348099002 7.41672648616146 0.230769230769231 1 1
-8.77753918659 36.3927721978 5.85303363215891 0 1 1
-8.75043667647 36.7575770679 1.88950048724756 0 1 1
-8.74723373044 39.4151969769 3.87250194727193 0.279220779220779 10 1
-8.73648359579 36.7207730581 3.2611304591415 0 8 1
-8.72443200082 31.9670078867 2.01431864170873 0 9 1
-8.69687049164 33.2885568225 4.06548467381861 0 11 1
-8.66835021954 34.2913115457 2.69506780549176 0 1 1
-8.66418953662 36.7207434958 4.21851262120516 0.25974025974026 9 1
-8.65625977444 36.0226821552 2.28586884511008 0 1 1
-8.63875390986 34.3312433193 3.20407263172034 0 8 1
-8.63405871868 36.4329794054 5.04261579129433 0 1 1
-8.57615732657 39.2324984112 2.34369199374664 0 8 1
-8.55092436269 34.8392741687 3.45175796931444 0 9 1
-8.54986494767 35.3396465527 4.33413146313619 0 8 1
-8.53693446544 39.168913487 1.73409701703657 0.429411764705882 1 1
-8.5211643997 35.3501453926 4.12297454600708 0 8 1
-8.50050348016 35.0654615304 8.98802232267239 0 1 1
-8.44555605324 33.1463979267 5.91876221941862 0 9 1
-8.43165519536 38.9633779265 2.35272274532946 0 13 1
-8.42501368217 33.0209206742 7.5894452493047 0.0363636363636364 9 1
-8.40262569289 34.7455834928 2.75369871135397 0 10 1
-8.40112651839 33.1616882403 6.48177701267538 0 1 1
-8.37592375513 38.9522602605 2.6362857080819 0 1 1
-8.37401059269 36.7063284508 6.67364025814924 0 1 1
-8.36772853833 33.0167814111 3.81045170170565 1.28138528138528 1 1
-8.33555188895 36.671476992 5.76191818005881 0.299242424242424 1 1
-8.30456635839 36.6161615833 2.1049718189402 0.316 1 1
-8.30213795584 35.2742376555 10.0505462896531 2.06909090909091 1 1
-8.26771040622 35.2925511172 21.4214217584013 1.64309764309764 1 1
-8.26455188039 39.0051567573 11.6430456547896 0 1 1
-8.25162586673 35.0280241713 23.5048928506063 0 1 1
-8.14329267062 36.6132548557 3.10036700467964 0.832535885167464 1 1
-8.1345741469 36.6754683496 6.28217305319572 0.89044289044289 1 1
-8.13264874598 36.6627001614 4.83715075085845 0.868181818181818 1 1
-8.1321512253 36.6683819796 8.62919510577527 0.89044289044289 8 1
-8.12542426146 39.2182188896 3.2056435889188 0.134090909090909 8 1
-8.10366542894 36.5053730116 4.24795105678269 0.575 12 1
-8.10058834804 36.5204392119 5.18704500034588 0.770661157024793 1 1
-8.10023665912 39.1989026963 3.50637184346513 0.0599173553719008 1 1
-8.0612162039 39.1512453409 3.57204523781427 0 9 1
-8.05017770768 39.7304673948 5.73595338505588 0 11 1
-8.04840963372 31.6641173539 2.50874635245963 0 1 1
-8.04370016993 39.2240173613 4.51056171590815 0 1 1
-8.02887470706 39.3505178389 3.68962667495544 0 1 1
-7.98393542247 38.7500210841 3.50515488145134 0.247535596933187 1 1
-7.97633006884 33.292573887 7.97733347851777 0 1 1
-7.95910617909 31.6111124774 6.35423543356483 0.60017652250662 1 1
-7.94495000337 31.6162443223 3.83635525824571 0.521848739495798 1 1
-7.94219772951 31.7018279567 1.78974102345841 0.46274217585693 11 1
-7.94041555694 35.0647803448 4.84579800936006 0.0792727272727273 9 1
-7.93281159531 31.6145164575 2.15619168089488 0.373589913735899 1 1
-7.92365907823 38.930453403 5.26659249116096 0.165982404692082 1 1
-7.85515124746 36.9359737479 3.51531756834992 0.0164239430294476 1 1
-7.83304159879 35.6215171782 4.84986674269271 0.0845419172267421 1 1
-7.83194763503 35.7019296942 7.44018690850345 0.0888641011340398 1 1
-7.8178464825 31.7755881766 2.95065575381139 0 10 1
-7.79235619982 35.7021735241 7.21024011256 0.70025974025974 1 1
-7.78974533593 35.6726002468 6.71827229068521 0.729437229437229 10 1
-7.78742809841 33.4073727084 2.6214520034327 0 6 1
-7.77733483907 35.5883015172 2.70593736691529 1.03116883116883 1 1
-7.77726762385 35.6783587337 7.44235728370259 1.03116883116883 1 1
-7.77538883062 35.6855600237 8.59260301864152 1.05374917053749 1 1
-7.76281522382 35.701786866 11.4338836067291 1.31864406779661 1 1
-7.74980699896 35.7547693415 11.9909930162028 1.37062937062937 1 1
-7.74542795908 35.6809631114 19.0297242071079 1.425 1 1
-7.74434654068 35.7044597841 3.86335893208097 1.32189239332096 7 1
-7.74167210469 35.6974412155 7.98027326450771 1.34943181818182 8 1
-7.70012420727 35.7227317927 4.00499881392245 0.609090909090909 1 1
-7.6861130683 36.9793268102 4.25841828848362 0.866477272727273 1 1
-7.68556285032 35.9897789826 2.09078401867904 0.386363636363636 1 1
-7.6814534877 31.5539158846 1.71616603522698 0 1 1
-7.67612602871 35.7363067122 3.08258657476019 0.172876304023845 8 1
-7.66358457062 30.9724886107 1.48623757197505 0 1 1
-7.65728105563 31.579438749 2.17985875708214 0 9 1
-7.64157104119 39.1077652564 1.79097551808612 0 1 1
-7.64023302684 31.0159666444 1.63565940760797 0 7 1
-7.61000042997 39.0663931206 2.3648727347857 0 1 1
-7.55806244537 31.1565599568 2.50220973547591 0 1 1
-7.53907285663 31.1187034155 2.29931718530893 0 9 1
-7.53756079452 38.9934444096 3.33098927194873 0 1 1
-7.51307454079 36.4424381924 4.09341076027752 0 9 1
-7.50460037686 31.0533320189 2.73797600634635 0 1 1
-7.4597392176 37.6523901161 2.65880658045852 0 1 1
-7.43635865611 33.4574497241 1.97210806983047 0 1 1
-7.42548300036 39.2347766515 3.01092994893007 0 1 1
-7.42396520811 39.1007129827 2.77832799667791 0 5 1
-7.39552229666 36.9965409556 10.5865497560176 0.6375 1 1
-7.3715095723 30.6258299596 3.0006738547559 0 9 1
-7.34480584397 39.0887670432 1.47038988253831 0 1 1
-7.33121228384 31.3579456613 1.8955534657371 0 1 1
-7.28024155909 31.4156552946 5.55916750147001 0 1 1
-7.24093713258 31.1975142403 6.35569638309924 0 1 1
-7.18548767187 37.5598078741 2.45026766639615 0 9 1
-7.16768329401 39.5211843442 5.93052648497714 0 1 1
-7.1579367643 39.5251188576 4.09384210385315 0 5 1
-7.12643704077 37.7640216254 2.84691600904773 0 1 1
-7.12626386729 39.2012962566 3.34513322577503 1.48863636363636 1 1
-7.11832412954 39.219785349 6.39467284554214 1.61931818181818 1 1
-7.11675057085 37.5824525697 6.810206228393 0 1 1
-7.11470377041 39.4639879011 4.19195363092735 0 1 1
-7.11041144385 39.4924597163 1.51055808808126 0 1 1
-7.10415691469 39.1668195192 2.94353521468471 1.84666666666667 1 1
-7.09949909343 39.4372599563 3.61046667227309 0 11 1
-7.06137296099 39.401306599 2.86110321885941 0 1 1
-7.03355930647 39.423385491 3.36794181237684 0 1 1
-7.02784001736 39.1914361794 5.77082749133785 2.61212121212121 1 1
-7.01308179852 39.2861941317 3.83390884218499 5.9 1 1
-7.00334792308 39.4908493324 6.52941946327096 2.08666666666667 1 1
-7.00289002034 39.4270176478 7.51767778604162 0 1 1
-7.00115177809 39.0792442367 1.12854201338463 2.72077922077922 1 1
-6.99081696671 39.1076528004 7.07979628525584 3.86666666666667 1 1
-6.98805045416 39.2708203519 5.90668179566909 8.35714285714286 1 1
-6.98727510065 36.8989578038 2.64910973233385 0 1 1
-6.98253218592 39.1916852537 1.5872853780238 6.19393939393939 1 1
-6.98176234875 33.4546931392 1.10567378501091 0 1 1
-6.98095491443 39.2145255314 7.85755371836212 7.42857142857143 1 1
-6.97617822954 39.1031373159 2.97583703421412 5.04545454545455 1 1
-6.97561787507 39.1403490607 16.2768289655465 5.78571428571429 1 1
-6.9718529796 39.2895972723 4.33918576106768 9.7012987012987 1 1
-6.97038803576 39.142912209 4.85042450136733 6.25 1 1
-6.97009358161 39.2132617893 9.57119725667714 9.45714285714286 1 1
-6.96716214027 39.0936511627 3.19552352018961 5.27922077922078 1 1
-6.96114042727 39.2347133778 3.86510501497268 15.1818181818182 1 1
-6.95802014056 39.2337353285 2.68010464268122 15.1748251748252 1 1
-6.95438842827 39.1819337542 3.6809524100952 10.5214285714286 1 1
-6.95011567236 39.2281710681 8.11860974093045 17.6233766233766 1 1
-6.94996821316 39.2278403359 5.57703382977442 17.6233766233766 1 1
-6.94658898453 39.2789678728 4.4600344144669 17.6642857142857 1 1
-6.94359850223 39.2768269729 7.99195873519423 19.1558441558442 1 1
-6.94330328938 39.2785705886 3.66786913713302 19.1558441558442 1 1
-6.94302196892 39.2966715016 3.9199418296109 17.1038961038961 1 1
-6.93813855324 39.2896994768 4.57113729110132 19.3642857142857 1 1
-6.93767552238 39.1914424123 4.09958716352576 16.5692307692308 1 1
-6.93708047194 39.2311559862 8.05223747448843 22.0714285714286 1 1
-6.93672121954 39.2556472947 5.02368434144616 22.1214285714286 1 1
-6.9361461813 39.2551188576 5.03347808252998 23.8116883116883 1 1
-6.93588168729 39.2500224682 6.2961878129909 24.7412587412587 10 1
-6.9356544609 39.2797823368 0.388802953639876 21.7597402597403 1 1
-6.9338293099 39.2310871806 10.258326841966 24.025974025974 1 1
-6.93346999985 39.2433678546 9.11799064213056 24.8601398601399 1 1
-6.93321495783 39.2530575999 9.12974242992864 23.8116883116883 1 1
-6.93073443018 39.2725178173 7.36129442763816 22.6298701298701 1 1
-6.92920436859 38.726578886 5.4428830027073 0 7 1
-6.92789216871 39.2145548551 21.4934581321128 26.3426573426573 1 1
-6.92644269265 39.2685237732 7.44922277014935 26.7832167832168 8 1
-6.92490535405 39.2189482224 3.45117630802011 27 1 1
-6.92325928662 39.2553031033 4.26633554410149 27.0064935064935 5 1
-6.92288571031 39.2557277188 6.19942120182705 27.0064935064935 4 1
-6.92245370497 39.2958568006 5.69404143309731 21.6818181818182 1 1
-6.92097554462 39.139151365 5.68425327462776 15.6714285714286 1 1
-6.92085898028 39.1285068993 10.1917761652269 14.6 1 1
-6.92064898847 39.2396474719 23.4219734320896 30.2 1 1
-6.92035867573 39.324504944 5.81915561049752 13.9076923076923 9 1
-6.91918405643 39.2651272969 3.58887433548095 30.1118881118881 1 1
-6.91555126169 37.8403473403 3.55588768811019 0 8 1
-6.91527062038 39.1634636177 8.02339369683831 20.3636363636364 8 1
-6.91483829446 39.2690820177 5.60630963437047 30.1118881118881 1 1
-6.91429286963 37.5373300586 6.21615300834417 0.915584415584416 1 1
-6.91340099118 39.2931609809 46.2502697562926 26.9461538461538 1 1
-6.91173058748 39.2242036531 8.10691320957254 33.6692307692308 1 1
-6.91142114439 39.2604245757 9.89322118555777 35.0559440559441 1 1
-6.91065324853 39.2569663675 13.1489285022873 35.0559440559441 1 1
-6.90961206287 39.2497144243 5.76248882059019 35.9440559440559 1 1
-6.90868370863 39.1781820968 12.8138622506946 26.5454545454545 1 1
-6.90851897093 39.167696693 1.6504088241349 24.1048951048951 1 1
-6.90846518828 39.2833415185 6.82109211847677 30.4965034965035 1 1
-6.90779788335 37.6080108448 5.54032406995372 0.944055944055944 1 1
-6.90766379463 39.2592587628 8.40857457417634 35.0559440559441 1 1
-6.90762501115 39.2529975834 1.47626567780465 34.512987012987 1 1
-6.90750790872 39.2257075729 11.1005751936483 35.9230769230769 1 1
-6.90713088439 39.1792414938 6.18553691421681 26.5454545454545 1 1
-6.90704450109 39.2449330787 10.7911421534199 35.4155844155844 1 1
-6.90574716108 39.1597205929 6.11427868157418 22.5734265734266 1 1
-6.90572144983 39.2938437756 9.70805128914634 28.3496503496504 1 1
-6.90512816522 39.1303438646 4.12758257772069 17.8251748251748 1 1
-6.90479631102 39.2806046365 7.31331513989621 32.2307692307692 1 1
-6.90434966784 39.1905758719 8.95339063560366 31.1846153846154 1 1
-6.90428383716 39.1943273928 9.26317555685269 31.1846153846154 1 1
-6.90355488763 39.2855261804 10.0796142278977 32.2307692307692 1 1
-6.9025026264 39.2688314861 4.89602688954874 37.6083916083916 1 1
-6.90088688287 39.143704953 6.47822713658104 21.3566433566434 1 1
-6.89959446609 39.1794652324 10.1711491878515 29.8181818181818 1 1
-6.89868732572 39.2958677357 4.36191187103027 29.8571428571429 1 1
-6.8986680661 39.1687585728 4.02373775290394 26.993006993007 1 1
-6.89744601528 37.5480698105 6.37330551174776 0.986013986013986 1 1
-6.89572344983 39.2598643038 3.11063642909533 41.0230769230769 1 1
-6.89504350775 39.146993908 2.81057320596456 24.7153846153846 1 1
-6.89429986165 39.2678124693 6.1730768083423 41.2307692307692 1 1
-6.89380197401 39.2305705492 5.97573496653077 44.8041958041958 1 1
-6.89367186983 39.3021087209 23.5829688509378 31.5384615384615 1 1
-6.89307983965 39.1657240616 9.44204478351455 29.6993006993007 1 1
-6.89290700909 39.3386536542 6.7356843399097 14.3426573426573 1 1
-6.89159197835 38.7321574962 1.83624822448633 0 1 1
-6.89105751715 39.1806208128 7.99879661706571 34.2307692307692 1 1
-6.88991515915 39.1256463742 7.58691916098751 17.986013986014 1 1
-6.88947595062 39.2392053111 6.51995337911357 44.6853146853147 1 1
-6.8890481941 39.3489249534 14.1683353756792 11.951048951049 1 1
-6.88845899809 39.2510501236 7.91073967771862 43.9370629370629 1 1
-6.88790384052 39.2796541289 3.60972828968183 38.6384615384615 1 1
-6.88637163686 39.2497935896 13.6657927075153 47.4895104895105 1 1
-6.88546130782 39.2547176515 5.06816173931351 46.2657342657343 1 1
-6.8846511489 39.2289447267 2.75597097382359 47.7662337662338 1 1
-6.88431499233 39.2471953699 6.77684873393334 47.4895104895105 10 1
-6.88338392432 39.2353544445 8.39204124023759 48.3846153846154 1 1
-6.88325828151 39.2714257838 4.91495594476401 42.5104895104895 1 1
-6.88280458724 37.8103504711 1.50309777004478 0 1 1
-6.88223394948 39.2823174818 6.98875581221751 40.0839160839161 1 1
-6.88214920207 39.2734268881 6.28094397684939 42.5104895104895 10 1
-6.8821005318 39.1755950387 6.10679278486113 34.7692307692308 1 1
-6.88207847032 39.2858491964 7.17547152818359 40.0839160839161 1 1
-6.8820032757 39.2655777453 7.17336647810653 44.5804195804196 1 1
-6.88027276176 33.4769554348 2.60031040510434 0 1 1
-6.87941471247 39.1760692528 7.89137515339848 36.6769230769231 1 1
-6.87903724175 39.170028849 8.0461402031314 33.9692307692308 4 1
-6.87872662579 39.1532119503 23.0014924364341 28.4769230769231 1 1
-6.87852775353 39.2446739274 10.4007862982867 50.1615384615385 1 1
-6.8782851787 39.1840099308 6.85983509562643 39.3384615384615 1 1
-6.87775356575 39.2359350836 11.3859492498403 51.3776223776224 1 1
-6.87746332709 39.3782221659 2.09765720940086 8.96503496503496 1 1
-6.87735524397 39.1458393999 12.8084386401158 27.0324675324675 1 1
-6.87664628765 39.2945865436 6.11490083622478 39.8741258741259 8 1
-6.87602155797 39.3405966294 3.04459579785432 17.7692307692308 1 1
-6.875554574 39.2631081454 8.49255030668079 47.5104895104895 1 1
-6.87541388162 37.5903849354 3.46119016670993 1.67132867132867 8 1
-6.87498392898 39.2702777333 11.6102926636993 47.5104895104895 1 1
-6.8734847091 39.2781576832 9.34795430676015 45.2937062937063 1 1
-6.8734546906 39.2765032618 7.74207073558122 45.2937062937063 7 1
-6.87332233863 39.1594056733 17.3276745526646 31.5034965034965 1 1
-6.87282004401 39.2551926484 8.6716164446774 49.2867132867133 1 1
-6.87248940451 39.2586546223 4.42031769117327 49.2867132867133 7 1
-6.87189103014 39.2448272433 6.60338358922725 51.2867132867133 1 1
-6.87130433148 39.356370017 12.1040355489822 13.1692307692308 1 1
-6.87119742414 39.1854918304 5.41690055273614 41.8153846153846 1 1
-6.86817809788 39.260879645 9.86367825564192 51.8741258741259 1 1
-6.86758193537 39.1507658322 13.1691788250518 29.6433566433566 1 1
-6.86625773034 39.261682296 6.13205480993344 51.8741258741259 3 1
-6.86503171768 39.2384929907 4.02212184590188 53.8251748251748 1 1
-6.86442557838 39.1288704872 4.22317273792565 20.9318181818182 11 1
-6.86436940258 37.6354039495 7.16543893386299 4.96503496503496 1 1
-6.86433384684 39.3595844169 6.87418090592168 13.5314685314685 1 1
-6.8635723468 39.1902501599 7.66582634051228 45.020979020979 7 1
-6.86322347008 39.2594492011 6.20032100084557 53.3692307692308 13 1
-6.86255422765 39.2142343182 8.58350447371115 53.4538461538462 1 1
-6.86249740739 39.2491441327 5.84173447854722 54.6461538461538 8 1
-6.86248285721 39.194731142 14.6061211976887 46.7 1 1
-6.86235831367 39.3450070982 4.72132218822073 20.2461538461538 13 1
-6.86155362838 39.2019109276 10.8543198509431 49.6433566433566 4 1
-6.8610237052 39.1606748934 8.08183109659835 33.8741258741259 1 1
-6.86088773309 39.2519840813 5.87726587777117 55.3706293706294 1 1
-6.86062397662 39.2489982669 5.05505370375838 55.3706293706294 1 1
-6.86011064151 39.272308436 4.00012524336314 49.6363636363636 1 1
-6.86000750462 39.2672227767 3.84670975538373 52.1678321678322 1 1
-6.85951672104 39.309437549 3.44659894901541 36.3776223776224 1 1
-6.85938932474 39.2540036474 15.5955381209353 55.6136363636364 7 1
-6.85768611323 39.1775249408 8.95062996089659 40.6783216783217 9 1
-6.85750537196 39.2963515987 4.53356766158723 42.3181818181818 1 1
-6.85726136267 39.2698129386 7.24616758807531 52.1678321678322 10 1
-6.85671410597 39.253400468 5.45763620835263 55.3706293706294 7 1
-6.85612474226 39.1961648731 7.71293225920783 48.8181818181818 1 1
-6.85413441651 39.2604482083 10.4119914126458 55.6769230769231 6 1
-6.8534037669 39.2646920341 7.16053884418079 53.6461538461538 11 1
-6.85260588055 39.161669182 7.14361181887184 36.8560606060606 1 1
-6.85070956621 39.2128667564 3.60196041936619 55.0984848484849 1 1
-6.84823098243 39.191141616 13.0725822683787 48.5244755244755 1 1
-6.84780360331 39.267777328 2.95881873941092 54.0769230769231 1 1
-6.84745799491 39.3267036019 2.18714144719848 29.4895104895105 1 1
-6.8458038011 39.2118047883 6.65085835705069 56.4666666666667 1 1
-6.84481180828 39.2709420804 2.02754176286357 55.219696969697 1 1
-6.84431074761 39.1977747548 7.48676320571695 52.7902097902098 1 1
-6.84347496139 39.3153405517 12.1418470366517 34.3426573426573 1 1
-6.84341070047 37.6347406724 3.80847619859858 10.7062937062937 1 1
-6.84228518296 39.1982230649 10.1885242343705 52.7902097902098 1 1
-6.84042648445 39.2703058877 3.97016691475395 55.219696969697 1 1
-6.84020733723 39.2345352755 9.10215699648618 59.4475524475524 1 1
-6.83978101799 39.2860222774 11.600699410693 49.3846153846154 1 1
-6.83944395446 39.2366401493 2.75904702123319 60.030303030303 1 1
-6.83863811622 39.2407986895 5.0330606079487 59.6853146853147 9 1
-6.83774669392 37.6650389051 5.75120270958698 13.7923076923077 1 1
-6.83672642889 39.3203537418 7.7513035512823 33.1416666666667 8 1
-6.83599224461 39.2357925242 18.4378207414132 60.7132867132867 1 1
-6.83598364691 39.2744361857 6.0078916401538 53.5034965034965 1 1
-6.83565399468 39.2483802015 17.3168542121261 60.4335664335664 1 1
-6.83500032266 39.3258446086 6.03119720127054 30.5174825174825 7 1
-6.83459782985 39.2665543482 8.34265549167509 56.5734265734266 1 1
-6.83304111711 39.2355197993 7.64607426222753 60.7132867132867 6 1
-6.83287474526 39.2804686962 7.81875914916445 52.8030303030303 7 1
-6.83261400896 39.0908725799 6.30455536262728 11.7272727272727 1 1
-6.83232496932 39.1742356996 6.0906338272409 44.7272727272727 1 1
-6.83089121755 39.2216224125 5.70708067783396 59.5681818181818 1 1
-6.83054045075 39.2294377242 5.75060485675686 60.7424242424242 1 1
-6.83000314092 39.2422676703 5.40894693670457 61.8076923076923 1 1
-6.8283309799 39.3000312221 16.546187507971 43.6615384615385 1 1
-6.82694184208 39.3295040514 4.34116033700656 27.8409090909091 1 1
-6.82623382441 39.3136082389 52.9651661919522 36.8636363636364 1 1
-6.82503406864 39.2136488165 23.2487800384586 58.5833333333333 1 1
-6.8248104344 39.1400814999 12.1759994751787 31.3776223776224 1 1
-6.82451840026 39.2665366261 9.76904895509377 57.041958041958 1 1
-6.82316709259 39.2170755111 3.48255771347121 58.9020979020979 1 1
-6.8228774891 39.2263368408 9.98760361664728 60.4195804195804 5 1
-6.82242231171 39.2100451025 7.80934170312651 56.972027972028 1 1
-6.82198392556 37.6612352508 6.99892837844748 16.8409090909091 9 1
-6.82149554631 39.2389935675 9.08439775209092 62.3666666666667 1 1
-6.82070074798 37.6457488084 5.73632289002047 17.025 1 1
-6.82057272929 37.6434670675 3.74500322485558 15.7538461538462 1 1
-6.82056157361 39.2575021165 12.1368578190353 60.0076923076923 9 1
-6.81973357341 39.2045449747 6.06911073845658 56.6136363636364 1 1
-6.81765902697 39.1354063921 23.4579851933129 29.0769230769231 1 1
-6.81730934678 39.1696299207 13.3605093763908 45.1515151515151 1 1
-6.81687263019 39.2545954339 12.1770132840352 61.1742424242424 6 1
-6.81595600747 39.2346317808 7.25932084492645 61.6223776223776 1 1
-6.81549876659 37.6575344686 7.59272917998296 16.7622377622378 1 1
-6.81498898456 39.2001951288 11.4357533378552 54.8951048951049 6 1
-6.81451410041 39.2469221335 7.81143670532923 62.1666666666667 6 1
-6.81347528985 39.2430166134 6.10835734809554 61.9090909090909 1 1
-6.81309405958 39.2548360797 4.17216972329148 61.3 1 1
-6.81095274602 39.2389382995 6.77456329250554 62.1666666666667 1 1
-6.81003918707 39.2606149964 9.22035304581182 58.8181818181818 7 1
-6.80996092757 37.664066253 5.68039876123266 18.5 1 1
-6.80993066257 39.2808496663 16.0084020447234 52.0984848484849 1 1
-6.80983605715 37.6308627169 19.8863848368971 14.7651515151515 1 1
-6.80899176218 38.9731930348 9.63763449901433 5.42657342657343 1 1
-6.80870755638 39.2641756546 9.84246710433875 58.8181818181818 7 1
-6.80833219705 39.2399572198 8.25906749222923 61.7132867132867 7 1
-6.80638260602 39.2456805024 7.64201789630547 62.0378787878788 5 1
-6.80625791133 39.2114318263 6.69475215082966 58.3257575757576 1 1
-6.80471649934 39.2679627007 5.10897035605264 56.1230769230769 1 1
-6.80391696282 39.2369452044 7.46108580519846 62.1333333333333 5 1
-6.80237155774 39.2614698987 11.4952290867935 58.2121212121212 7 1
-6.80069379986 37.6456901616 4.29062487958165 17.5757575757576 10 1
-6.79979822908 39.2611452125 4.80281570063023 58.2121212121212 1 1
-6.7993808586 39.2491004416 9.98656223974627 60.4195804195804 1 1
-6.79903745663 39.2271735804 5.94089120158831 60.9469696969697 7 1
-6.79884649779 39.2560130741 12.497478014473 60.5 10 1
-6.79862593518 39.1505811508 18.1775797962283 36.7972027972028 1 1
-6.79812231648 39.2474812461 6.24068057787648 61.7121212121212 6 1
-6.79749395314 39.1567049938 8.09350593740529 38.2121212121212 6 1
-6.79745894777 37.6396744202 7.47357298042445 16.4924242424242 1 1
-6.7973553062 39.2405350516 6.44112181253564 61.2797202797203 5 1
-6.79706133515 39.256301543 13.6607651119556 60.5 1 1
-6.79674888894 38.9923905807 5.35972038434377 8.05384615384615 1 1
-6.79667795597 39.2700921335 16.6926913753568 54.5166666666667 8 1
-6.79649797688 39.0239772717 6.05827971238463 10.0384615384615 1 1
-6.7961198807 39.2046128765 7.46716935727583 55.3916666666667 6 1
-6.79590962816 37.680137233 7.15161799641828 18.85 1 1
-6.7948924088 39.2174970241 6.87113092029663 57.0629370629371 3 1
-6.79487314902 39.2240104725 7.74182432525254 58.8881118881119 9 1
-6.79421064656 39.1190826298 8.53263476032113 26.2424242424242 1 1
-6.79394845768 39.2491859734 4.89703396620212 59.6783216783217 1 1
-6.79370831973 39.2170487858 7.38497347833077 57.0629370629371 1 1
-6.79291030685 39.170963106 10.1115526154432 43.6212121212121 1 1
-6.79288535107 39.2515485224 7.31612169980705 59.8333333333333 1 1
-6.79210740815 39.2464743776 8.71616892549478 61.1590909090909 7 1
-6.79140428679 39.2171279698 12.5204944159699 57.0629370629371 1 1
-6.79140102138 39.1737573336 6.00779275887187 45.0909090909091 1 1
-6.79074150183 39.1537641604 9.85723047919179 37.4772727272727 8 1
-6.7905344912 39.1965800639 4.45053931332803 51.9924242424242 1 1
-6.79006390858 39.2099654744 14.4197092723299 56.5833333333333 9 1
-6.78934502136 39.2766200926 9.89424955941087 49.9469696969697 6 1
-6.78910071148 37.644648743 9.23682988689748 17.25 1 1
-6.78813727744 37.152960646 2.32108996329326 0 1 1
-6.78775865307 39.2179054729 3.84552268778721 56.9230769230769 1 1
-6.78728607291 39.2682772849 6.86879411712901 53.25 8 1
-6.78652713824 39.2641856356 8.46271258192925 56.0151515151515 1 1
-6.78611943588 39.2507303593 7.33589260391708 58.5594405594406 8 1
-6.78574304034 39.2677666386 6.45431033771573 53.0979020979021 10 1
-6.78534790589 39.1171629393 6.56612843999793 25.0979020979021 1 1
-6.78497060993 39.2685969524 4.33977036156312 52.3560606060606 1 1
-6.78492251074 39.2363606761 5.91769882563562 60.3333333333333 5 1
-6.78488894564 39.2428558303 13.3247557012031 59.6083916083916 1 1
-6.78299180963 39.2512674485 6.19084912315413 58.75 15 1
-6.78195567607 39.0931633484 20.5911099428556 20.2954545454545 1 1
-6.78146912534 39.269463703 12.139826458467 52.3560606060606 7 1
-6.78100960341 39.235309386 9.56948150426136 60.3333333333333 1 1
-6.78036769273 39.2237781291 13.9513721908552 57.4924242424242 7 1
-6.77806610583 37.653962926 3.6528326002753 15.4469696969697 1 1
-6.77714464051 39.209694944 6.33267126614303 54.1060606060606 1 1
-6.776605653 39.1471053884 4.56772099989006 32.780303030303 1 1
-6.77541536869 39.1939025681 16.7796562772215 49.6742424242424 1 1
-6.77538186386 39.208271083 9.78770356464771 52.5524475524476 1 1
-6.77528068419 39.2437225818 6.69419635266052 58.780303030303 3 1
-6.77466035562 37.6481437091 21.32568452912 14.8636363636364 1 1
-6.77341225756 39.0426933864 13.8168693030311 11.7121212121212 1 1
-6.77108999314 39.1216348812 10.5399738144504 26.4916666666667 1 1
-6.77092942485 37.6378192799 11.8372250224614 13.2666666666667 1 1
-6.76782835249 39.1359164595 7.43702427697604 29.1212121212121 1 1
-6.76691682151 39.2536657969 34.6069804128931 54.7121212121212 1 1
-6.76517569914 30.3988251829 5.79506596216203 0 1 1
-6.76477294777 39.0349845886 6.99364276076214 10.6060606060606 1 1
-6.76412085109 39.2510177753 9.35850376004892 54.7121212121212 8 1
-6.76407430009 37.6441015651 7.90536444400777 12.9090909090909 1 1
-6.7637568311 39.0924995166 7.83051051904298 19.8106060606061 1 1
-6.76310522979 39.2764000673 6.83913743262895 41.8666666666667 1 1
-6.75941205341 37.6773469877 3.50323596584319 10.6136363636364 1 1
-6.75808075572 37.6508156867 2.8786002068548 11.1287878787879 1 1
-6.75783061318 39.1326723098 7.74123579972466 25.5681818181818 1 1
-6.75656973308 38.8839000334 4.09800989512432 5.01515151515152 1 1
-6.75484684198 39.0575407505 8.00480956126511 11.4416666666667 1 1
-6.75427940679 39.079784437 4.55435029252991 15.6583333333333 8 1
-6.74895092991 38.2008841611 5.54412395060585 0 1 1
-6.74242418518 38.9466913598 3.57155641774052 6.87121212121212 1 1
-6.74183385373 37.6644579001 8.13183283578354 6.93181818181818 8 1
-6.74138975068 39.2350884543 15.4791599583265 49 1 1
-6.74016209102 39.1939644245 6.90734383209154 43.469696969697 1 1
-6.7339757685 39.2110356681 9.38904983660118 44.1666666666667 1 1
-6.73287125912 38.9215426257 7.06667187501399 6.08333333333333 1 1
-6.73255822295 39.224129627 5.14836092918138 45.25 1 1
-6.73060470626 39.1900668929 16.061409477653 39.3257575757576 1 1
-6.73053501065 39.2016532642 6.94326806823244 42.9090909090909 1 1
-6.72951843585 39.2152268568 16.2067956811038 42.7583333333333 3 1
-6.72678768984 39.1749113845 7.435346469597 33.1735537190083 1 1
-6.72147821744 38.7188801621 3.49662793964209 3.225 1 1
-6.71918704147 39.2082620457 7.46810458389888 40.6942148760331 1 1
-6.7172856908 37.6437190441 8.80607900788083 2.68939393939394 1 1
-6.71383580597 39.1867108566 9.99721182493926 36.1363636363636 1 1
-6.71242605849 37.6655963237 4.50721537154416 2.075 1 1
-6.71187150212 39.2309032545 5.47533668563083 37.9166666666667 1 1
-6.71165256022 38.7421347251 4.37524284366251 4 1 1
-6.70336695126 39.1964245721 12.2521409243293 36.2583333333333 1 1
-6.69740261247 39.1923967584 5.59528780756925 37.0826446280992 7 1
-6.69725273147 39.2023314499 4.69621564310959 36.1893939393939 1 1
-6.68390160718 39.108878032 3.9025299405587 8.00826446280992 9 1
-6.67727401564 39.2147114846 13.3532812200222 30.2348484848485 1 1
-6.66925240053 39.1403388012 21.7148397529191 20.6528925619835 1 1
-6.66743008875 39.1860699567 28.2883387032184 31.4015151515152 1 1
-6.66645088806 39.0760318109 3.49478418380476 4.21487603305785 7 1
-6.66244038878 39.1832440268 9.14509704225751 32.5181818181818 8 1
-6.65362074631 38.2555389089 3.61182141085241 0.716666666666667 1 1
-6.65111878938 36.385741194 1.54377134656328 0 1 1
-6.63857143413 39.1797484101 26.1483381431028 25.0378787878788 1 1
-6.63280658746 36.7371002755 4.21362086930661 0 1 1
-6.63099780505 38.3479253588 3.9482529768222 2.08264462809917 14 1
-6.62939906855 39.1242506345 7.92827242573658 17.2909090909091 1 1
-6.62389413685 39.1280194996 4.11065769065937 17.5530303030303 1 1
-6.62158451008 39.1492093634 6.86424931733929 19.9454545454545 1 1
-6.6163332764 38.7949584021 3.14829415269791 0 9 1
-6.6140094868 36.508662736 1.56944910263677 0 8 1
-6.59611288496 39.1026478418 14.9717403102281 11.0636363636364 1 1
-6.58980567943 39.1361328621 16.2889442105193 12.0909090909091 1 1
-6.57859085535 39.1311759273 2.12116289984879 8.91818181818182 1 1
-6.56796682018 31.0109572466 3.37225735603145 0.0578512396694215 1 1
-6.54330156731 37.1816975904 3.54479080327455 0 8 1
-6.53933497884 39.0005585903 4.11519753886206 0.190082644628099 1 1
-6.45661888376 36.7228609724 2.87745574406618 0 9 1
-6.44905040601 38.9071258653 6.26947273133464 4.84297520661157 1 1
-6.44203848384 39.4895249539 3.36739493265798 0.487603305785124 13 1
-6.44117700203 38.9018764911 6.78363498699598 5.03305785123967 18 1
-6.4122598357 39.5484180071 2.97934769444729 0.181818181818182 10 1
-6.40602581971 36.8375470998 4.46092267962332 0 1 1
-6.4058940433 39.5572158532 2.3229972916885 0.165289256198347 1 1
-6.40043127406 38.6695848464 3.86199480340503 0 1 1
-6.39156050233 35.8962090978 3.65593689479279 0 14 1
-6.38642273024 37.3482211865 13.8874427810325 0.752066115702479 1 1
-6.37526068613 35.648248455 2.74904365561618 0 8 1
-6.37460943007 30.7380973746 0.77657809575103 0 1 1
-6.3689808185 37.1182072109 1.94502951641565 0 1 1
-6.35876554943 31.0611092407 6.31779174630329 3.70247933884298 1 1
-6.35251948139 31.2902087031 1.97481248664157 0 6 1
-6.34858865514 33.8467021019 3.1184612239989 0 14 1
-6.34827726448 31.0697396366 5.62210869628728 3.75206611570248 5 1
-6.34458041362 33.9308391607 1.5497431309486 0 1 1
-6.34441748167 36.971962996 3.10841178378188 0 1 1
-6.33327560237 31.0775359216 5.04260477522415 3.75206611570248 6 1
-6.32726557264 37.0063895959 2.27239724125495 0 13 1
-6.30880338483 33.8643255846 3.02373960239065 0 1 1
-6.29644233158 36.4950984525 2.70821676804722 1.1 1 1
-6.29604291728 39.2917985139 3.7079401173668 0 9 1
-6.29150372141 39.2900962964 1.96774139089259 0.0413223140495868 1 1
-6.26105135774 39.2638124168 8.83571108034924 2.14876033057851 1 1
-6.25664401876 37.6876902652 4.60911033856902 0 1 1
-6.23156949863 33.8885185652 3.46169318414825 0 1 1
-6.22961550562 36.4133257556 2.37733848090507 0.7 12 1
-6.22699665022 33.879064513 0.905554235438546 0 1 1
-6.22221083509 33.8816345431 3.25055646861637 0 1 1
-6.21142209183 39.2542990669 7.41100303233484 12.7909090909091 1 1
-6.21077476676 39.2136826779 5.04975679007618 18 8 1
-6.21029899947 39.2236921352 2.44177462116091 18 1 1
-6.20991796166 39.2290093674 9.92256044568832 18.7727272727273 1 1
-6.20927682049 39.2099943408 4.05335578652063 17.495867768595 7 1
-6.20911389756 39.2262080692 4.46187931107544 18 1 1
-6.20896633105 39.2196449746 1.91519255021057 18 1 1
-6.20659233241 36.4225286999 4.48934161273528 0.818181818181818 1 1
-6.20193061813 39.2095232418 5.6720510958063 20.4380165289256 10 1
-6.20127305553 37.5754973429 9.99880677189061 0.446280991735537 1 1
-6.1968782099 39.2202675934 6.51529174444275 22.2181818181818 7 1
-6.19071948961 39.2681463588 2.74169926651228 11.1900826446281 7 1
-6.18553532398 39.2166391341 6.42202959778093 24.5371900826446 12 1
-6.18398114868 37.710676289 3.22837012691117 0 7 1
-6.18182912381 39.242021417 4.72486142681551 20.8760330578512 1 1
-6.17896614159 39.2078916443 7.34531122555139 25.5636363636364 1 1
-6.17824331864 39.2097255588 4.79792727852185 24.7107438016529 1 1
-6.17753678012 35.7401741862 8.40987794064508 24.0495867768595 1 1
-6.17725196362 36.475748798 2.40239927133666 0 8 1
-6.17621500966 39.2321322111 5.56773689874109 23.3719008264463 7 1
-6.17605321245 35.7473714287 8.73586013186007 24.7851239669421 1 1
-6.17465004236 39.2279460161 10.0496808070232 24.6115702479339 1 1
-6.17413816303 35.7570237644 5.96292168035935 25.0082644628099 1 1
-6.1737487335 39.201152157 4.55019335877251 23.6942148760331 6 1
-6.1735296178 39.2041686457 8.61532949180491 25.8454545454545 8 1
-6.17187167486 39.2235024575 5.92236240555774 24.6115702479339 8 1
-6.16973836466 39.1969184877 4.82087863921353 23.4132231404959 1 1
-6.16962425604 39.2208614158 6.32270582436694 25.9 1 1
-6.1692651184 39.2452064057 3.90153634875186 21.0082644628099 1 1
-6.16793556477 39.2133774541 4.7775918242656 24.7520661157025 8 1
-6.16712000086 39.437316101 3.40497826257085 0 9 1
-6.1663657046 39.2309917567 5.61509391384389 23.0661157024793 10 1
-6.16630446837 39.2152504165 4.79372689807137 24.7520661157025 11 1
-6.16494392506 35.7204430796 6.5488819689728 22.1 1 1
-6.16419512909 39.212394514 5.11000044557416 26.2272727272727 12 1
-6.16311652288 39.2504918032 3.93993535078673 18.5454545454545 9 1
-6.16131686111 39.1979983348 8.44233910028287 22.6280991735537 9 1
-6.16090052306 35.75602 17.5707135937929 23.7768595041322 1 1
-6.16067809632 39.1952286612 11.1382151960791 21.0330578512397 5 1
-6.15899406777 39.2043663359 4.26531760484702 24.6727272727273 8 1
-6.15859522503 35.8938596987 2.07197203003514 1.0495867768595 1 1
-6.15691348001 39.3818489729 2.69019097992146 0 1 1
-6.15413912258 39.2179442 2.42756424085328 24.2363636363636 8 1
-6.15389253802 37.624660435 3.3199780289471 3.47272727272727 1 1
-6.15286613063 39.2141057635 1.59290338132855 22.7272727272727 1 1
-6.15210037994 35.750756114 4.98434407259636 23.0330578512397 1 1
-6.1519045408 35.7806792059 4.77997923144613 16.8925619834711 1 1
-6.15055803675 39.2597636123 4.33986951894149 13.6942148760331 1 1
-6.14868013699 36.8822676289 10.1733422856704 1.26446280991736 1 1
-6.14777080296 39.2518501753 6.28225058109934 16.6115702479339 1 1
-6.14548897649 39.214541634 4.42296986019251 22.6272727272727 9 1
-6.14512634247 35.7626660248 6.45455309825634 22.68 1 1
-6.14484390332 35.7131963765 7.88369877052256 18.4545454545455 1 1
-6.14074614652 37.6397564468 3.23224154650734 2.92561983471074 1 1
-6.13896504108 39.2606935663 8.13167629074889 12.5619834710744 1 1
-6.13502065146 39.2314367976 4.73264237977516 17.9669421487603 1 1
-6.13494245785 37.6413679333 19.4181478393105 2.67768595041322 1 1
-6.12771646251 35.753639168 2.67088243854036 16.1570247933884 1 1
-6.12449340289 34.7100668886 2.98973135484172 0 1 1
-6.12417543735 39.2574583599 4.98326721972307 9.9504132231405 1 1
-6.12038034949 39.22726149 3.54089788154984 15.2181818181818 5 1
-6.11968422218 37.6541474542 4.94867748141423 1.87272727272727 1 1
-6.11499554603 39.2536556471 6.58580801403922 10.6611570247934 1 1
-6.11085802557 39.2283993679 6.32594633647204 11.7520661157025 1 1
-6.10861768548 39.2354071285 7.55220359739007 11.2561983471074 1 1
-6.10729846609 39.2188440891 4.25688592353064 11.9173553719008 9 1
-6.10214850128 39.2309303674 2.70946283615131 9.21487603305785 1 1
-6.09859949501 39.2209847829 11.2308642378758 9.44628099173554 1 1
-6.09680404942 39.2353633527 4.06270058506654 9.21487603305785 6 1
-6.09606778664 39.295195457 3.40885243494951 1.90909090909091 8 1
-6.09466097499 39.235084618 5.45928830514591 7.66115702479339 1 1
-6.09118937486 34.6382331477 3.50122794455177 0 1 1
-6.0903186215 35.862685268 2.24196102886661 0.495867768595041 1 1
-6.08450349651 39.2266623179 5.07102902627494 6.6198347107438 1 1
-6.07339702748 39.213377538 9.47111522312014 5.77685950413223 1 1
-6.06829685246 39.2283512176 4.23765279004045 5.25619834710744 1 1
-6.06081032948 39.2130479442 3.17234944936647 4.66942148760331 1 1
-6.05862648807 35.5220384869 2.15179891659212 0 12 1
-6.05551784696 39.2177346024 6.00028163707749 4.66942148760331 10 1
-6.04341379504 39.226048774 5.26987563705709 3.26446280991736 1 1
-6.03919771695 39.3067331513 4.65233832125101 0 10 1
-6.03371886167 39.2637103798 4.97761230751151 1.14876033057851 1 1
-6.01595282708 29.7932244 2.69669748526105 0 14 1
-6.01521358136 39.2435461809 1.52564483786062 1.66942148760331 1 1
-6.00411599764 39.2965779799 2.6973799126324 0.233333333333333 1 1
-5.99373054953 35.8519810381 1.86243950763425 0 8 1
-5.97757189215 39.2446003719 2.56583669511833 0.303030303030303 8 1
-5.97565914722 37.8158205906 1.68182295420698 0 1 1
-5.97050781801 39.2996910528 1.99575840985288 0.518181818181818 9 1
-5.95841777876 38.7987784264 6.87786331519632 0 1 1
-5.95640300975 37.6616795714 3.29965572973182 0 12 1
-5.95327908932 35.2443803339 3.34377142515064 0 13 1
-5.9523354229 34.0620684006 2.20994453485167 0 10 1
-5.95011380589 39.2867420047 1.73816777228617 0.363636363636364 1 1
-5.94781266137 35.9174573643 2.10284098057549 0.818181818181818 9 1
-5.94671245403 39.2388636873 1.76529400318797 0.0416666666666667 10 1
-5.9446435272 34.0707884286 3.6856310836467 0 1 1
-5.94164487602 37.78897686 2.16380163912462 0 1 1
-5.939414123 39.2417666252 3.69736918842508 0.0413223140495868 8 1
-5.93604465081 39.2220893593 3.54675919506619 0 8 1
-5.93137242957 39.3043786197 3.61613072119538 1.49242424242424 1 1
-5.91291672613 39.2332372507 1.67933577921173 0 1 1
-5.89950338293 39.3290187814 5.62294781893384 2.68939393939394 1 1
-5.87983059481 39.2422966433 3.85538123204473 0 9 1
-5.8479143847 39.2957496052 3.93947157107305 0.128787878787879 12 1
-5.83981508385 39.286841511 2.66891981936753 0 9 1
-5.8377118806 39.2199989495 1.78461063138319 0 8 1
-5.83344427318 37.4114677069 3.06506648658715 0 1 1
-5.83220733904 34.091345611 1.49435875749693 0 1 1
-5.82781215672 38.0603394025 1.03117166504025 0 1 1
-5.79353089598 36.460209476 2.61802009401995 0 1 1
-5.75214456138 38.2888786038 6.19570666473584 0 1 1
-5.74469210593 38.8391077642 4.68925325157633 0 1 1
-5.73581993291 36.3965694261 1.4940967264397 0 1 1
-5.73216989058 34.8534390268 2.15900606208996 1.96969696969697 1 1
-5.72716172217 38.1861791414 3.47859232913656 0 7 1
-5.66118714041 32.884384194 2.46822948679172 0 1 1
-5.63670599868 38.8972224784 3.39929939900382 0 1 1
-5.63535494959 32.7546500005 2.98717354513316 1.08441558441558 1 1
-5.63383007633 38.4015929745 2.90892484059851 0 8 1
-5.63171173638 37.7425141926 3.14780936775716 0 1 1
-5.628821094 32.9001260571 2.0332140871921 0 11 1
-5.6267573034 37.6685927029 7.06970561549667 0 1 1
-5.62525677529 32.7526176362 2.34863039455711 1.08441558441558 1 1
-5.62329479172 32.7482290608 0.913235976966053 1.08441558441558 1 1
-5.62292532102 30.4906392047 4.35303226950271 0 1 1
-5.62146329338 35.4714138059 1.82868077353256 0 1 1
-5.613246377 32.7417931179 10.6924203047823 1.28461538461538 1 1
-5.60504243548 30.3398858037 2.80624264153279 0 1 1
-5.602051287 36.2553467569 1.92467895535592 0 1 1
-5.60111056353 32.7398680789 6.1666681647133 1.08441558441558 1 1
-5.56830163001 38.9132063783 9.91003899131379 0 1 1
-5.56660153287 34.6680085336 2.16280035502297 0 8 1
-5.5395720978 38.8611040564 3.94727277109172 0 9 1
-5.53771526836 30.3423851435 2.55870568998555 0 7 1
-5.53035562173 32.8108366438 0.861348068678135 0 1 1
-5.50531943349 37.5445980561 0.893937423242898 0 1 1
-5.49992686326 34.9728845164 3.24675743909147 0 8 1
-5.4997730796 37.5569169935 3.11726911848948 0 12 1
-5.49088812083 32.592267085 2.37797764027021 0 1 1
-5.48205988704 37.6067957091 1.47365566528105 0 1 1
-5.47914941606 36.3127865005 2.37185332291987 0 10 1
-5.46889799637 32.89319864 3.24188931357558 0 1 1
-5.45068075103 34.9908432489 2.91424952611954 0 1 1
-5.45016990531 32.6529186013 2.01031114875993 0 1 1
-5.44858551312 34.7177457271 1.40256911388113 0 1 1
-5.44761218547 37.5873382394 2.12180047540098 0 1 1
-5.44184940869 38.9712598904 2.45481726583223 0.1875 7 1
-5.43032930089 39.7451141868 10.6125050609384 0 1 1
-5.42925614292 36.5271641657 1.14877815819958 0 1 1
-5.42333174368 39.7387396727 2.68669865831804 0 1 1
-5.42298105426 37.9863963309 3.4957757125277 1.0625 11 1
-5.4039621239 39.6942319528 3.43019541249399 0.0941176470588235 7 1
-5.40036709466 39.6474316953 2.70663880341503 0.203208556149733 1 1
-5.39733213239 32.6189768953 2.4179556340978 0 1 1
-5.3884905672 39.7320517183 3.46423357586728 0 1 1
-5.37708039168 39.7160432621 7.4405551746566 0.144385026737968 1 1
-5.3683690784 39.7021282345 3.31285502214882 0.303030303030303 7 1
-5.36753318066 39.6648947663 3.57534575339095 0.303030303030303 8 1
-5.36028792404 32.7177355727 1.90708540257985 0 9 1
-5.35945720932 34.7191033321 1.16708446276247 0 1 1
-5.3554115161 39.6501562381 3.69793440916873 0.303030303030303 11 1
-5.35523919838 33.825515146 4.46817640742767 0 1 1
-5.35391397997 39.647787523 2.60371749081941 0.333333333333333 1 1
-5.34087142303 39.6579976741 3.12764973928411 0.287081339712919 1 1
-5.33995285971 38.9132432643 8.1826462589185 0 1 1
-5.33624264375 38.1240671968 2.23654778715966 0 1 1
-5.32580507355 33.9011293788 3.26279499353015 0 1 1
-5.28295052695 32.1365369706 4.67378934853708 0 1 1
-5.27391115656 29.8326710345 3.68287242756783 0 1 1
-5.27025320087 38.8391611175 2.28577623043651 0 1 1
-5.26271984245 39.7564393155 8.12721679556308 1.29047619047619 1 1
-5.2619627288 39.7902077602 2.59513679336086 1.29047619047619 10 1
-5.26126624178 39.8205616742 2.72819917403663 1.47727272727273 7 1
-5.25289477604 31.8944773978 4.39293747141195 0 1 1
-5.24526024215 31.6582267104 2.58127925770773 0 1 1
-5.2421533774 39.8264876094 2.3589910049295 1.53246753246753 9 1
-5.24021782731 39.7915654349 3.46344906471847 1.53246753246753 1 1
-5.23725369451 39.7909752522 3.72215977265121 1.68571428571429 9 1
-5.23669912757 38.6999865875 3.96478707390927 0.0285714285714286 9 1
-5.23659785105 39.7682767334 3.33783682323313 1.68571428571429 7 1
-5.2322238344 39.7803228118 3.52239596658501 1.46280991735537 12 1
-5.23118544107 31.769606343 1.075132112906 0 1 1
-5.22701081079 38.7652482979 3.91049498884052 0.371900826446281 1 1
-5.21914296252 31.7468405927 2.33741768038696 0 1 1
-5.20721231615 32.0725489443 3.18281159783731 0 1 1
-5.20484574508 39.7894822291 4.37203873476943 1.2 8 1
-5.1998121095 31.2002112955 5.34272126036478 0 1 1
-5.19447158404 38.7706248922 7.09180579596993 1.11363636363636 1 1
-5.19249928548 39.8111839693 9.09319813817801 0.84469696969697 1 1
-5.18053536408 38.8240240068 4.81234568879591 1.17424242424242 1 1
-5.17284482132 39.7788005186 3.19441238627136 0.314393939393939 9 1
-5.17263422436 38.471922391 4.51523855824592 1.34469696969697 9 1
-5.16982807695 39.0977388783 3.96449619630277 0.757575757575758 1 1
-5.1687383421 32.2465248422 2.6127071590829 0 1 1
-5.15862107687 33.6901856276 5.78949993470295 0 1 1
-5.14723338193 39.7658910876 1.97715030270802 0 1 1
-5.14569047259 39.7980325796 2.90870251333823 0 8 1
-5.12844266812 38.8808744827 7.90084612992463 1.65555555555556 1 1
-5.12133181018 39.0212457855 5.50492687677055 6.70714285714286 1 1
-5.11964404335 32.8958618053 4.40015452895993 0 8 1
-5.117649919 31.0358208178 5.31659467397382 0 11 1
-5.11526529324 39.806162798 1.91759089369123 0 1 1
-5.11461084277 39.8155385883 3.72145967055038 0 1 1
-5.11162590232 30.6367686255 1.0044463219782 0 1 1
-5.10338503179 39.6345641046 1.94016349086076 0.0821428571428571 9 1
-5.10065884217 39.6345584734 5.36894338112037 0.197492163009404 1 1
-5.10029146561 29.8105373506 4.36470566503017 0 1 1
-5.10002217092 39.7405032476 6.57428166933991 0.247648902821317 1 1
-5.09601177625 39.8011895194 3.52251561171699 0.272413793103448 1 1
-5.09477894075 39.0981530335 5.51122319243011 9.1974921630094 1 1
-5.08742754744 39.1003393307 3.68070828732997 9.9 1 1
-5.08575059837 35.8543891943 1.88108370279907 0 8 1
-5.08296520489 34.4622031746 3.4956574256594 0 1 1
-5.08239729318 39.0784786727 2.80660042727907 9.49393939393939 1 1
-5.08227190615 39.0910225769 4.64518958898255 9.58620689655172 1 1
-5.0805796708 39.0916456624 7.66967039330544 9.58620689655172 1 1
-5.07971628221 34.660948452 4.33055387302008 0 1 1
-5.07731168912 38.5989800945 4.24656679418219 0 11 1
-5.07050020907 32.0874796128 2.51877850868611 0.876666666666667 1 1
-5.06404967624 39.7278076054 2.92239219812038 0.565982404692082 9 1
-5.06195864599 39.7264089348 3.61122576172062 0.62258064516129 9 1
-5.05924463448 39.7589802851 2.6027511679135 0.565982404692082 1 1
-5.05834876716 32.4440489867 3.42835405751666 0 1 1
-5.05709852042 39.7295868429 3.51567915866431 0.548295454545455 11 1
-5.04052894667 32.7995963571 3.95361198770315 3.41597796143251 10 1
-5.03142132518 32.7868943872 12.8254344837713 3.64973262032086 1 1
-5.02784418949 38.560969519 2.78650975824163 0 11 1
-5.02746105454 39.0564790261 2.26130143375037 2.78441558441558 1 1
-5.02672948953 32.7932461138 4.48923820462013 3.72987012987013 1 1
-5.02191945771 39.7966913001 5.84361715721139 0.5 1 1
-5.0210978366 32.7963248198 4.80755623861748 3.95555555555556 1 1
-5.02040424139 33.1179866602 2.02867305994109 0 1 1
-5.01963248909 39.122715921 3.33265703749591 1.76010101010101 1 1
-5.0194420396 33.6410114459 3.73524900768229 0 1 1
-5.0166034793 38.5229535408 2.69922005523817 0 1 1
-5.01557626094 38.3755912327 3.50385947055876 0 1 1
-5.01132114769 39.8306622574 2.54502147529543 0.376262626262626 10 1
-5.01085698062 39.1162700002 4.78777693405788 1.03194103194103 1 1
-5.01029401209 31.315247216 2.7113166028932 0 1 1
-5.00886209085 32.8249053018 6.08003530000435 3.44717444717445 1 1
-5.0041061393 39.7339956593 2.87690956896297 0.248648648648649 9 1
-4.99452992473 39.0835196393 3.71083675974831 0.242424242424242 8 1
-4.98131153326 38.5066666871 2.28506927587417 0 9 1
-4.96519474055 33.5118957918 2.68064026045095 0 6 1
-4.96327522775 39.8304713846 2.61606797689044 0.0795454545454545 11 1
-4.96285375573 32.7232824196 2.86806962336048 0.955813953488372 1 1
-4.95262959157 32.8087651249 2.42521590845913 0.456565656565657 1 1
-4.95018988183 39.864503843 1.63390041273958 0.0691699604743083 1 1
-4.94832802292 32.7220480152 1.38972735964819 0.446640316205534 1 1
-4.93774223756 39.7733448752 3.8595555121931 0.0625 9 1
-4.92398402673 34.7040911478 2.00888634616168 0 9 1
-4.91230950739 39.7311673278 3.71992170493526 0 1 1
-4.91111247337 29.6113539832 10.8371407743146 1.65488215488215 1 1
-4.89871700006 29.6284099381 3.68131671112542 1.70062695924765 1 1
-4.87945623468 29.6472032084 5.00442170535311 1.82307692307692 1 1
-4.85820217534 32.2180227501 2.95522754153527 0 1 1
-4.85194843045 38.4509226577 19.1623932460201 0.145218417945691 1 1
-4.83393354573 34.7266129497 2.68130819406682 1.08988764044944 1 1
-4.83054070347 34.7519869257 8.76593363130537 1.06593406593407 1 1
-4.82928939318 34.7506231405 7.2758515995428 1.14731182795699 1 1
-4.80934531824 34.7540778585 8.28398541272594 1.00730519480519 9 1
-4.8017981767 32.3324276553 3.1821949629225 0 1 1
-4.79627669828 31.647745813 3.17246944499009 0 1 1
-4.78827553668 29.8619879904 1.91987442762528 0.0204225352112676 1 1
-4.76337177351 34.8854168637 2.6939354653576 0.234433962264151 1 1
-4.74096087935 35.9035174464 10.9769615345821 0.0524290524290524 1 1
-4.74054510873 38.3333868699 5.5634112906636 0.0111559458817944 1 1
-4.71856321728 38.2843607005 3.06233386301612 0.00221729490022173 5 1
-4.71320309304 29.7664742459 2.09777257505783 0 11 1
-4.7083554307 38.645927329 2.67630030534052 0 12 1
-4.6834157858 29.6927065469 2.03626800779877 0 1 1
-4.68176310895 33.3472883115 2.37880577136615 0 1 1
-4.64487156513 31.7156817635 3.27570716718505 0 1 1
-4.63738606153 34.0762822093 2.80914026818611 0 1 1
-4.63662670588 29.8392921397 2.25325797779263 0 18 1
-4.63188702334 35.5101565498 0.79139183207688 0 1 1
-4.59984362208 32.1018266781 3.94480277831023 0 1 1
-4.5956057714 30.0876115045 5.23574717477481 0.244565217391304 1 1
-4.5923108066 34.944112385 15.9005352262071 0 1 1
-4.58607933724 30.0865612171 4.93305076752155 0.313953488372093 1 1
-4.5829947937 30.1014935028 3.03518341796277 0.325301204819277 11 1
-4.57707107167 32.1558832487 2.32227286949516 0 12 1
-4.5667249771 30.1350570985 47.4556112275366 0.364864864864865 1 1
-4.56490812386 39.032970001 1.40921358547967 0.0510585305105853 1 1
-4.55691586066 33.4384077658 3.7003183257734 0 9 1
-4.55530168274 37.1974991825 4.46793792361586 0 1 1
-4.54701693236 33.6693975279 2.58802430179807 0 1 1
-4.52140103818 34.2619950745 1.14226667905803 0 1 1
-4.50737588519 35.2374903527 2.87276082626068 0.225524475524476 10 1
-4.49794444662 35.2436212289 3.12400460600861 0.229946524064171 1 1
-4.49551374041 29.9125669037 1.34774047994943 0 1 1
-4.48117055492 30.0841059929 5.22317954976603 0 1 1
-4.4643588315 38.232321032 3.34353008877682 0 1 1
-4.43288216284 33.6211227718 3.1839236783877 0 1 1
-4.41601789005 35.3753468322 3.42218274084668 0 1 1
-4.4054732595 33.4446899673 6.66550965997524 0 1 1
-4.40128111102 34.2727126067 1.70487765379411 0 9 1
-4.39169610424 32.7092410183 1.02366585795721 0 1 1
-4.3897205525 33.2270711755 2.50937778517194 0 11 1
-4.38442104357 33.353740805 2.28435059685183 0 1 1
-4.38396960229 34.5421237333 18.4008728532799 0 1 1
-4.38127672017 33.8709589982 1.20041816311357 0 1 1
-4.36689322845 38.0555552516 3.22356136027659 0.0568181818181818 11 1
-4.36537822954 30.4034608998 2.89923337144494 0 9 1
-4.3635512405 35.1663392135 4.68489184199641 0 1 1
-4.34595152073 37.0102205432 9.08054915540091 0 1 1
-4.34476564126 37.8851668536 4.50826480653013 0 1 1
-4.34103383974 37.8438473904 4.8442462538087 0 9 1
-4.33641676169 33.9085287159 11.0766421044098 0.250783699059561 1 1
-4.33611813907 36.9525220701 3.86765021090444 0 7 1
-4.31459027428 34.1444308533 2.83819168836876 0 1 1
-4.3049669534 33.172013576 0.720304313145475 0 1 1
-4.3018130922 33.8809542643 2.87522441411127 0.767676767676768 1 1
-4.29895237066 30.1672464333 3.00217394253786 0 14 1
-4.29724210043 33.1738581622 1.8983516819626 0.0404040404040404 1 1
-4.29161262854 30.4353661838 3.9400623868102 0 1 1
-4.28967822068 33.4538677983 1.81175757307367 0 1 1
-4.27264418124 33.8929981225 4.12466425818137 0.829090909090909 1 1
-4.26078790667 34.8676303646 7.61380945307072 0 1 1
-4.25814783339 32.5436613294 2.40482902688263 0 13 1
-4.25292596569 30.2327954399 5.12072595885777 0 1 1
-4.24196035574 30.470251415 3.37266778701123 0 1 1
-4.23962382713 32.5429077028 0.661027615388077 0 1 1
-4.23715464269 33.244338935 6.09095191455099 1.7125 1 1
-4.23443225166 33.1746065593 7.09662978768476 1.83794466403162 12 1
-4.22922880862 34.4270412138 2.35992901418504 0.226086956521739 10 1
-4.22552609521 35.3247633708 1.88044416541383 0 10 1
-4.22193106345 33.1894053539 19.6025145747444 1.97233201581028 1 1
-4.22175591784 33.2130947114 2.65013182950462 1.97233201581028 1 1
-4.21836876494 33.2249561929 1.96385776815043 2.0197628458498 1 1
-4.21651088811 32.4392145519 3.71778287464952 0 1 1
-4.21243554572 33.2179746653 5.59882557877664 2.1695652173913 1 1
-4.20854611022 33.8045305644 3.75955635009685 0 12 1
-4.20250897834 33.1803318801 23.8452057406143 1.93388429752066 1 1
-4.20147551938 30.4873385984 6.65435983735001 0 1 1
-4.20027651316 30.5035959819 2.1752562119279 0 11 1
-4.20013075891 33.9897132308 5.13410589633172 0 1 1
-4.18987311926 35.6997133778 3.2577731467062 2.03896103896104 9 1
-4.17047990318 33.799886636 5.18597677489801 0 1 1
-4.16747283209 32.6660320397 2.65059632384759 0 1 1
-4.15807100543 36.8013636265 8.26974546569513 0 1 1
-4.15693939576 32.0738707979 1.45877922363348 0 1 1
-4.14498264452 33.9851166376 2.9523360146416 0 10 1
-4.14166441825 33.8735860692 2.36812339935883 0 1 1
-4.13178402022 34.3179107895 1.7800081524069 0 1 1
-4.102399331 37.7209276825 10.2497118321399 0.757575757575758 1 1
-4.10225147063 30.2408191997 2.51605415669518 0 1 1
-4.10196219298 36.4478041715 5.70625852971589 0 1 1
-4.0981152547 33.930043662 2.06615441064501 0 12 1
-4.09793291039 30.4143571016 1.85496959783366 0 1 1
-4.08875301465 33.0438151395 1.4519226686346 0 1 1
-4.08718870875 33.5505744595 2.11197241404306 0 1 1
-4.08606248904 32.2371517329 2.55695351791985 0 7 1
-4.08441877826 34.5154073428 2.2501059028563 0 1 1
-4.08300603053 32.8618413113 3.26846337768308 0 1 1
-4.07716363705 30.2600239284 2.27220051957307 0 14 1
-4.07518040831 33.808234988 3.49820163220074 0 1 1
-4.06751690637 34.0345221299 1.78767670257568 0 1 1
-4.06603401129 33.8106368538 1.82882690717392 0 1 1
-4.06519358153 33.9406046926 3.74256248341679 0 1 1
-4.05729132523 32.0393147157 1.79909822973532 0 1 1
-4.05435990722 35.2540533105 1.42125652993226 0 9 1
-4.05163220615 32.920730996 1.13465510574987 0 1 1
-4.03970547853 34.6430959992 7.22368057287749 0 1 1
-3.98688398789 31.9929290152 1.92533433410705 0 1 1
-3.98210323587 32.4154167175 2.21766474151835 0 1 1
-3.95625131534 35.1843199334 1.2625485091504 0 1 1
-3.93589743529 32.1089269498 2.20873661658502 0 1 1
-3.926514263 32.0465702853 2.44311684304912 0 1 1
-3.92261023656 32.1145214182 4.52244382386229 0 1 1
-3.9214649185 32.6788461765 1.6964660528822 0.3125 1 1
-3.91330495365 33.1217280561 7.14567903135331 0 1 1
-3.89113698852 30.6181480569 1.17836540050898 0 1 1
-3.88191619038 33.7360317725 4.94082815461543 0 1 1
-3.85784273361 33.6833953355 2.31495191372044 0 1 1
-3.85752227814 33.0552983965 2.77127487853818 0 1 1
-3.84943277246 32.6196090664 2.41097761426946 10.6558441558442 1 1
-3.84055356317 33.2726005305 4.49693271653303 0 1 1
-3.84021941799 32.6241658116 2.09451222279093 11.0649350649351 1 1
-3.83947789929 32.5963167099 2.76385809162881 7.6038961038961 1 1
-3.83764168282 33.7000036199 3.59818735801518 0 16 1
-3.83585765314 32.6152939091 15.2862901790118 10.2532467532468 1 1
-3.83155783777 32.5673332571 6.09033290679812 6.2012987012987 1 1
-3.827077082 32.5805651128 6.03891397142277 6.74675324675325 1 1
-3.82190069399 32.5948320612 17.1934228735501 7.98051948051948 1 1
-3.81807993704 32.6039127621 11.8705535207376 8.55844155844156 1 1
-3.8007352738 32.1546665023 1.4940016745822 0 1 1
-3.78862160398 33.4662297836 1.28212210762804 0 1 1
-3.78652518976 37.7114070309 2.98918517384143 0 7 1
-3.7800660554 30.4383971075 1.74297920815393 0 9 1
-3.77660280422 32.1561364881 2.6596742045773 0 12 1
-3.76426294678 33.0922070181 2.72444805553741 0 1 1
-3.75139381116 30.62367191 1.87428668734008 0 10 1
-3.7440520787 34.2645384852 4.73916435159041 0 1 1
-3.7409312081 30.5266463367 7.70288625323317 0 1 1
-3.7384363152 33.1654915825 2.72285471297069 0 12 1
-3.73476181127 36.6202891265 2.52934989962788 0 1 1
-3.72759827186 33.8847368247 1.49541444245052 0 1 1
-3.72097422136 30.8070233029 4.76782570247914 0 1 1
-3.71006345998 33.9407187688 4.56185541431048 0 10 1
-3.69829790497 32.0980827142 1.83284966003815 0 1 1
-3.68208491869 33.4654272768 5.04466702178837 5.11888111888112 1 1
-3.67992057834 33.4224443865 2.97562546070622 8.18333333333333 1 1
-3.67674941576 33.4042886911 3.27638679371481 7.40151515151515 1 1
-3.67419715339 33.4159690652 6.19833495166032 7.58741258741259 1 1
-3.66732715892 33.4207844814 3.33156168882388 8.79545454545454 1 1
-3.66560098923 33.4073908654 39.1623381942721 7.67832167832168 1 1
-3.65744551297 33.4388355195 6.39463977249824 9.49242424242424 1 1
-3.65595165998 33.6571110195 3.91096727181093 0 1 1
-3.65237817002 32.9701589711 2.8181386259861 0 1 1
-3.65137459784 37.5683901469 2.49864164425288 1.33333333333333 1 1
-3.65081459341 33.4089585752 8.9616093966796 7.67132867132867 1 1
-3.65041588919 30.6650993675 2.02717124467174 0 10 1
-3.64628219274 33.4165123318 6.08703563681981 8.62307692307692 1 1
-3.64387135805 32.1604310049 2.57323319160642 0.401515151515151 1 1
-3.64328730384 33.3969667478 3.28257079712743 6.88636363636364 11 1
-3.64001112137 37.6558845684 3.90840038274514 0.598484848484849 9 1
-3.63827091659 37.6092140241 2.29087761267033 1.66153846153846 1 1
-3.63717037423 32.1653124634 6.00447897023485 0.441666666666667 1 1
-3.63534243947 37.0363733319 2.61924778219766 0 1 1
-3.62804977315 33.3261768833 1.20335689415389 0.0909090909090909 1 1
-3.62421833132 34.3174661218 2.12398508967972 0 1 1
-3.62022816849 36.9090020681 3.83603546211519 0 1 1
-3.61854299492 37.7128117188 7.59239504320276 0.121212121212121 1 1
-3.61620540405 37.6915225532 1.39810913892659 0.286713286713287 1 1
-3.6106580262 33.8310202863 6.26132833725953 0 11 1
-3.60418113002 34.3351457059 4.81287064494317 0 1 1
-3.59070320132 36.9728754137 8.95811383258906 1.76515151515152 1 1
-3.58985873652 36.9737239719 5.03102205625884 1.76515151515152 9 1
-3.58528412872 30.7157323269 4.59370113731107 1.48484848484848 6 1
-3.58491166192 34.1925882823 3.52837207143229 0 12 1
-3.58437947895 33.5399787737 12.6790852116936 1.09090909090909 1 1
-3.58154835017 36.9675863737 6.56643711437242 2.28030303030303 9 1
-3.57457175877 36.9385414623 3.22567090473178 1.75 7 1
-3.57304846021 32.1344940205 2.52738157761319 0 1 1
-3.57186844276 30.7145840511 0.716641739632339 1.48484848484848 1 1
-3.55833666989 33.416700766 2.35217629393787 0 12 1
-3.55746246492 33.5656122224 15.9164241726214 4.03787878787879 1 1
-3.55630757247 36.9835447702 7.78142524190845 3.49586776859504 1 1
-3.55574651683 36.0903047347 4.0739970450342 0 1 1
-3.55403345603 36.8797913366 1.45375174568486 0.25 1 1
-3.5502446262 37.0133404712 5.27463835016649 3.34848484848485 7 1
-3.54734794407 33.3961003406 9.50132729885631 0 1 1
-3.53930567306 32.7290460997 1.47135237177682 0 1 1
-3.53871892762 34.3080212842 20.9429302395696 0.702479338842975 1 1
-3.51663719773 37.551299025 12.2689351850007 0 1 1
-3.50523997569 32.7936264946 3.48317771135229 0 1 1
-3.4984479426 32.4599248014 2.66482304565878 0 1 1
-3.49394674675 32.8916484747 2.06685688949849 0 1 1
-3.48773965515 32.7550563207 8.42656894503597 0 1 1
-3.48630686263 33.9998855162 4.70143340673282 0 1 1
-3.48318072758 37.033461022 0.775592236922738 0.371900826446281 1 1
-3.48031588242 36.7020688529 3.80923588968438 1.43801652892562 6 1
-3.47438859215 34.5484428787 6.36993138252316 0 1 1
-3.47133326937 37.0181411234 2.55801794272898 0.154545454545455 1 1
-3.46449779055 34.5633427431 4.06186734348537 0 1 1
-3.46055865308 31.9184185594 1.63062602849868 1.2396694214876 1 1
-3.45895252979 31.9625928093 3.93875556437857 0 1 1
-3.4538180648 32.7421368001 0.929514784134662 0 1 1
-3.44674923251 33.9601064737 12.4982215373475 0 1 1
-3.44095329307 32.5662345929 1.01954206255459 0 1 1
-3.43860535051 36.7069907238 4.91190262886222 8.25619834710744 1 1
-3.43568810274 31.8388561822 4.65652462538595 1.80165289256198 14 1
-3.42867399019 36.7462207518 4.03929722354399 8.19166666666667 1 1
-3.42440127073 36.8396974116 4.49207222323616 1.1900826446281 9 1
-3.4163444345 36.6416252012 7.1828510164332 10.2809917355372 8 1
-3.41451867855 31.4558942424 2.50240165016226 0 1 1
-3.40637629396 36.7114538246 5.45769903731307 20.1570247933884 1 1
-3.40612394961 35.8336259833 3.67176592163074 1.1404958677686 1 1
-3.40139152045 36.6599179378 11.1406458464328 19.7272727272727 1 1
-3.40047942766 36.6606419121 10.1547096969393 19.7272727272727 1 1
-3.39691539546 31.4947344511 4.44401434762927 0 1 1
-3.39386677979 36.8209040389 2.03754929556146 5.12121212121212 1 1
-3.39326024438 36.6761790434 3.24181206844148 25.900826446281 1 1
-3.39208150476 36.6604590604 2.10882878201112 21.7603305785124 1 1
-3.39202781323 33.9138144835 3.28086848874741 0 1 1
-3.38926811675 31.3704049237 1.7756149773133 0 1 1
-3.38840000009 32.0096087096 1.77693847566279 0 1 1
-3.3879800021 36.6901182528 27.7435827096735 28.5181818181818 1 1
-3.38767629208 31.5503200765 2.78389680420935 0.1 1 1
-3.38641750557 36.656785711 5.42230098439337 22.9256198347107 8 1
-3.38035777763 36.5987208092 3.79368164348935 6.28925619834711 1 1
-3.37976924881 37.332934955 12.1509140988061 10.7545454545455 1 1
-3.37660926943 36.6661966443 6.00656713962647 25.5702479338843 1 1
-3.37556924894 37.3470151213 10.5416455534467 11.0247933884298 1 1
-3.37544113356 35.8802153829 4.29048179268522 1.36363636363636 1 1
-3.37512810679 36.6860770591 4.28096601089038 27.8181818181818 8 1
-3.37485764355 36.6703637173 6.07930363636969 25.5702479338843 6 1
-3.37392338747 36.887706311 6.63276672508959 2.48484848484848 1 1
-3.37297546222 35.8714646959 8.69619317934674 1.50413223140496 1 1
-3.37218900977 35.7072148571 2.83477483610736 0.859504132231405 8 1
-3.36890701067 36.6839050767 18.4142816942139 27.1818181818182 1 1
-3.36841339073 36.6822160022 3.77853575207865 27.1818181818182 1 1
-3.36741856285 35.8504717349 8.16848106878769 1.79338842975207 1 1
-3.3658672027 36.8538088131 5.83339018528179 4.90082644628099 1 1
-3.36526166825 35.6871879095 11.1243364320961 1.70247933884298 1 1
-3.36440741582 36.6714416048 5.80305277627536 26.5867768595041 1 1
-3.36435455982 35.7185072338 2.15417066489699 0.760330578512397 1 1
-3.36412872548 35.802535621 8.50686438015786 0.661157024793388 7 1
-3.36196419631 36.6754829405 10.5750233517171 27.2727272727273 1 1
-3.35946310382 36.6887213885 30.5748022281928 25.6446280991736 1 1
-3.35942339288 36.7501528181 3.57768409501183 12.6363636363636 1 1
-3.35731699978 36.6813005242 5.62406659826943 25.8429752066116 1 1
-3.35675204452 32.3062694601 2.46249104539277 0 1 1
-3.35380296668 32.427921988 2.87408941379685 0 13 1
-3.35091290948 36.890037104 7.3589715375239 2.71074380165289 9 1
-3.34938187667 36.7091770274 5.65765577129017 21.3636363636364 1 1
-3.34618412838 31.5360498817 9.37049196574982 1.27272727272727 1 1
-3.34442560998 36.6284917936 5.35507265061238 11.1487603305785 1 1
-3.34438685091 37.3772815848 3.25027785488491 10.6942148760331 1 1
-3.34433689231 32.419543881 10.6256749367989 0 1 1
-3.33350148296 34.2215014723 1.62569119617311 0 1 1
-3.33092483216 35.6464165047 5.72781310556856 2.05785123966942 1 1
-3.33002288855 37.3828806193 4.81934594535141 9.38181818181818 8 1
-3.32813299969 36.6212522663 17.2675085691791 8.83471074380165 1 1
-3.32573971867 36.6318063641 9.44333195978231 10.3471074380165 1 1
-3.32548796787 37.1600978561 6.75408838570459 2.50413223140496 10 1
-3.32318127824 31.500283627 7.4095399961484 1.11570247933884 1 1
-3.31978066173 32.9735442971 2.95818095346248 0 20 1
-3.31003442939 37.0669398336 2.83903242275134 0.181818181818182 9 1
-3.309959701 37.4736877103 5.09359823191385 1.77685950413223 9 1
-3.30867692625 37.4763603481 2.10535896864676 1.77685950413223 1 1
-3.30111386743 37.2762539415 3.49637937278756 6.48760330578512 1 1
-3.30048888845 37.1176900796 12.1988935355805 1.95867768595041 1 1
-3.29853833122 33.6958458869 1.53824782922143 0 1 1
-3.28503684765 32.8305776581 3.47270732802154 0 8 1
-3.28367686206 30.9677952949 3.44295033538118 0 1 1
-3.26560860131 37.4851479606 5.93106841108792 2.22314049586777 1 1
-3.26310622768 37.5769874701 5.67133295239456 2.88181818181818 8 1
-3.26196969074 32.4380463359 12.7988230321795 2.45 6 1
-3.2604050991 31.9014596964 1.38342330390372 0 1 1
-3.25495869521 32.462174052 6.41139363137685 5.92 1 1
-3.24130734767 32.4596726325 4.19800999262473 6.68595041322314 1 1
-3.2358243732 32.5004331949 3.81800006357332 6.90082644628099 1 1
-3.23084200487 37.3005792955 10.7454552172448 3.64462809917355 1 1
-3.22008704759 33.1798737232 0.95377484510102 0 1 1
-3.21050585006 35.3570370266 2.97614141481954 0 10 1
-3.20540870338 37.1875070453 5.29489932211727 2.9 9 1
-3.2043831681 35.9282021584 2.22657406561157 0 7 1
-3.20294380356 33.6681308413 2.2511943705714 0 1 1
-3.20256523265 31.9304152026 1.36744510154257 0 1 1
-3.20156261007 34.0992940926 2.79413031861948 0 12 1
-3.20113628231 32.3821415226 1.36771026494424 0 1 1
-3.19666242054 37.6153846051 4.44644700827037 1.66363636363636 9 1
-3.19409448404 33.490770172 2.40977811083397 0 8 1
-3.19345807003 36.7048488366 9.79845617856061 0 1 1
-3.18861966706 31.9637415203 8.81411008236482 0 1 1
-3.18503106936 37.6088724107 10.4968434120861 1.4297520661157 1 1
-3.17675054211 32.4330948166 5.11832117598104 1.69421487603306 1 1
-3.16951649545 31.1250601943 1.26131298035889 0 1 1
-3.16867239779 31.9482611707 2.91438659927337 0 13 1
-3.16313233251 31.7968551345 1.23163836464303 0 1 1
-3.16041274686 31.9472184019 1.60418953449986 0 1 1
-3.15145875002 31.8957540638 2.61638620534034 0 12 1
-3.14951342617 32.2153884222 1.90982492753869 0.264462809917355 1 1
-3.148933066 31.7853369331 2.80888075388252 0 1 1
-3.14756942666 32.3253781674 2.20296108687415 0 1 1
-3.14699629266 34.3302579088 6.26631176426704 0 1 1
-3.1387560369 31.9503698701 2.10770131340795 0 1 1
-3.1223458802 32.6591163042 4.41384939663686 0 1 1
-3.11483686053 33.9008900092 5.49853077019521 0 1 1
-3.11116496607 37.5964449399 4.26129601577914 0 9 1
-3.09666469117 37.6392104012 2.46132019694804 0 8 1
-3.09380480611 32.0560039112 3.34499756264244 0 1 1
-3.08665136696 32.0223061513 2.037320972562 0 1 1
-3.08433746379 37.5850022776 1.10648814127033 0 1 1
-3.08312036715 33.2648303035 2.29719565426602 0 1 1
-3.07395438059 32.9025238456 5.52202072333891 0 1 1
-3.06953565231 32.9181225628 3.25760142966434 0 1 1
-3.06949702245 31.9115056069 2.42838199927768 0 1 1
-3.06729882385 33.9935181378 1.52836651374274 0 1 1
-3.06142778268 33.7544627971 2.41293483691389 0 11 1
-3.05933963904 31.7438970537 3.01264466701645 0 1 1
-3.05475430245 33.0724861289 4.00940522827687 0 1 1
-3.05207124549 31.9446697267 3.0620719229213 0.388429752066116 1 1
-3.04925006202 31.7806298299 2.38059581673575 0 1 1
-3.03986183851 31.7346321005 1.93263983316692 0 1 1
-3.03620658904 31.8289389052 3.04624788178743 0 1 1
-3.03366196834 33.0823901138 1.21895426291538 0 1 1
-3.01901400997 31.9432669893 4.08505271844658 1.15702479338843 1 1
-3.01878110116 37.050794217 3.17763074679671 0 1 1
-3.01861754273 32.8671232883 4.84299202486091 0 1 1
-3.01362206569 31.9448974645 1.64649373913587 1.15702479338843 1 1
-3.00950019425 31.8467613637 1.10995653687213 0 1 1
-2.99751217418 36.0181520964 3.10174230449505 0 1 1
-2.99639446215 36.0139642536 3.17368055944586 0 13 1
-2.99344793085 31.9212745853 5.21704137761454 1.15702479338843 1 1
-2.99002840861 34.1397854955 1.91812253354032 0 1 1
-2.98998759389 34.1556273783 1.70876753970255 0 1 1
-2.98890462377 31.9318509954 4.89452448392277 1.15702479338843 1 1
-2.97305848808 31.3814138073 5.06181756247214 0 1 1
-2.96908598148 33.3659494711 2.72511154152995 0.363636363636364 1 1
-2.96821946247 32.010650635 1.91259708917988 0 1 1
-2.95541083565 32.1704073966 2.20684537861968 0.338842975206612 1 1
-2.95524835434 34.1634300686 1.41145269901915 0 1 1
-2.90932279595 32.2591461165 1.23609674415801 3.14876033057851 1 1
-2.90412073398 33.4063729176 2.99987432121534 0 1 1
-2.90025987049 32.2395756923 6.51997977675794 5.55371900826446 10 1
-2.8989047139 31.3494985209 2.99455971118232 0 1 1
-2.89797861195 30.9466143082 7.79538236632402 0 1 1
-2.89710299533 34.1322853474 2.71632954816066 0 11 1
-2.89159942629 33.9793679692 2.12955040912108 0 1 1
-2.88774212349 34.1113863759 1.24980895295054 0 1 1
-2.88682843578 32.2354060632 3.58648408460096 8.53636363636364 1 1
-2.88615467371 30.7863366697 1.2809137897184 0 7 1
-2.88386098577 31.3440216743 5.79817932588705 0 1 1
-2.88179121469 30.6082310687 1.35006171649809 0.264462809917355 1 1
-2.88001139015 32.2214890756 12.5901128245818 12.0333333333333 1 1
-2.86982609498 30.7966337298 0.576434018185208 0 1 1
-2.86840130325 32.2332745301 7.92082878128422 9 1 1
-2.86780866079 32.2227042399 23.0067068677089 10.9586776859504 1 1
-2.858865556 32.2519115005 17.8373484086655 5.60330578512397 1 1
-2.85444998758 34.008563583 2.61977910070255 0.254545454545455 1 1
-2.84599760991 32.4216069438 18.8591951864947 0 1 1
-2.83667436848 33.0682896211 1.64566292429194 0.8 1 1
-2.82957223291 30.4602882795 2.29907099843891 0 13 1
-2.8099493533 34.0023900363 5.19090666198764 1.28925619834711 1 1
-2.80962830241 33.0034900267 2.40911910445913 0 19 1
-2.80813440253 32.9509876976 5.24112058727018 0 1 1
-2.8043841954 33.0127876216 0.929903580826123 0.0416666666666667 1 1
-2.80307112256 34.001814686 2.47345936875114 1.28925619834711 1 1
-2.79722262785 33.0400989976 0.965236262874656 0.495867768595041 1 1
-2.7819715942 30.9914014242 3.01013193133449 0 1 1
-2.77493744946 30.4692083778 2.72046239565953 0 1 1
-2.73104742888 33.6159739151 2.49907742862546 0 12 1
-2.72635159156 33.6069935142 3.63063594347165 0 1 1
-2.72171635018 33.7802907533 2.26906039718638 0 12 1
-2.70992304557 33.1614106489 1.6314218692718 0 1 1
-2.69553768847 32.4673099596 4.37623791851002 0 1 1
-2.66900984673 33.2493099634 1.597526912902 0 1 1
-2.65785137397 33.2640666594 4.76929461551597 0 1 1
-2.63729581521 31.7186005629 1.05714824052174 0.191666666666667 1 1
-2.63663566507 33.5317670046 1.59858361920085 0 1 1
-2.63583425331 30.4471924212 3.43214851333617 0.25 1 1
-2.63060736328 31.9699324196 1.82254176382511 0 10 1
-2.62811997107 33.3153760793 2.79317943975028 0 15 1
-2.59992459068 32.9409262644 36.6396636735857 7.52447552447552 1 1
-2.59409326428 32.833782666 5.72589623122124 0.755244755244755 1 1
-2.59107620784 33.4313240446 10.4700081278415 1.00699300699301 1 1
-2.58991161695 32.9161697955 10.6542998124681 8.70629370629371 1 1
-2.58862716742 32.9709435091 8.41253257260151 6.81060606060606 1 1
-2.58153069302 30.5608998244 5.3863661591065 0 1 1
-2.58136810851 32.946359668 2.59969702969444 11.0984848484848 1 1
-2.58077943344 32.9028110803 4.75843200408535 8.76923076923077 1 1
-2.57918749363 32.8839580605 10.3451717060269 7.40769230769231 1 1
-2.57888518167 33.4501651832 6.56882430964195 1.10769230769231 9 1
-2.57535444595 33.0342193082 6.2601107854846 3.3006993006993 13 1
-2.57219214109 31.6684014376 3.02731700548511 0 1 1
-2.55660102836 32.939323984 1.5511378296192 16.9370629370629 1 1
-2.5554449288 33.0436286042 3.17387166305856 3.09090909090909 1 1
-2.55512270321 32.9469814357 6.55659445681127 16.013986013986 1 1
-2.55228299991 33.0424230803 3.65727123133517 3.13286713286713 1 1
-2.5507613275 32.9461374188 6.52978816652318 17.1748251748252 1 1
-2.54991207939 32.9077105909 9.62505425071115 16.6363636363636 1 1
-2.54834886945 33.1091408513 2.15583689662089 0.307692307692308 1 1
-2.54830614094 32.6882495426 4.89301370156771 0 1 1
-2.54781142484 34.0944608515 2.50293174290337 0 1 1
-2.54661824172 33.0071942028 2.63544608904323 8.3 1 1
-2.54654847612 32.9712238854 7.92935422897454 13.3384615384615 1 1
-2.5430048944 30.8114035749 1.43225263834692 0 1 1
-2.54234965487 33.0488490991 2.03264318278291 2.48251748251748 1 1
-2.54108311094 33.0368188632 6.83776839901646 4.06993006993007 1 1
-2.54075664801 33.0461641572 6.39521658062205 2.48251748251748 1 1
-2.54044536472 32.9368314476 13.2107093000692 19.8881118881119 1 1
-2.54013300001 32.9461156601 6.0642582931945 18.3506493506494 1 1
-2.53690037028 33.0147226661 7.1271584619888 6.93076923076923 1 1
-2.53684958298 33.010195486 2.08298103764315 8.33076923076923 1 1
-2.53606486195 32.9509600768 5.12849318020766 18.4055944055944 1 1
-2.53440196217 32.9502672681 4.94811725817037 18.4055944055944 1 1
-2.53161278736 32.0143476586 2.90099886210931 0 1 1
-2.53109319738 33.0816210769 1.5843818206742 1.03496503496504 1 1
-2.52856063922 30.6116372859 7.77800846037502 1.10769230769231 1 1
-2.52740327727 32.9014392759 9.26720605084789 17.8671328671329 1 1
-2.5272385103 32.020003058 3.65048684151567 0 1 1
-2.52584148197 33.0169805027 8.37480702784915 6.04895104895105 1 1
-2.52571428972 32.9086817721 1.78070091087435 19.2937062937063 1 1
-2.52521720098 32.9469028098 11.7725577462061 18.6923076923077 1 1
-2.51903518697 33.0067858003 4.74663156512658 6.78321678321678 6 1
-2.50928166381 30.8129393956 1.15337464686804 0 1 1
-2.50779049389 31.9891963166 7.38112121089567 0 1 1
-2.50466535232 32.3028240529 1.68297708917285 0 1 1
-2.49643148146 32.3636082821 1.44835634235441 0 1 1
-2.49550663704 32.9084462704 2.84277139435204 19.9923076923077 1 1
-2.4934667593 32.8987907916 15.9042072610646 18.1118881118881 1 1
-2.49327376601 32.9104800692 8.65853367648698 18.3571428571429 10 1
-2.49120729935 30.5842530817 2.17696624782041 0.216783216783217 12 1
-2.49036161286 32.9266846816 13.1124253096614 19.8181818181818 1 1
-2.48844402764 32.288781555 4.32238857119084 0 1 1
-2.48763725757 31.9897689761 3.4866898478097 0 1 1
-2.47992111311 32.9164497375 14.7733837750952 17.1076923076923 1 1
-2.46606738566 32.6265852312 1.86886421618317 0 1 1
-2.45223928464 30.5331037957 1.351424905741 0 1 1
-2.45174948464 32.9041726479 8.1473576612055 9.38311688311688 1 1
-2.44698813377 32.6231271941 3.08173535115367 0 1 0
-2.43817723222 32.0704809459 4.61533014519902 0 1 1
-2.43689979235 32.0876873418 2.00531085953805 0 1 1
-2.43582621128 32.1403404295 9.66826895846459 0 1 1
-2.42775938543 32.9454067619 4.13481856603002 4.44805194805195 15 1
-2.41332625619 32.0790820419 2.80708969033701 0 1 1
-2.40340928775 32.1056002297 6.74590091394936 0 1 1
-2.40282082183 32.066191067 5.62756322553729 0 1 1
-2.38534149342 32.0522681303 22.8246415866974 0 1 0
-2.37314839157 31.7253420654 5.08592941302156 0 1 1
-2.37134247591 32.1579371727 2.47081659307612 0 19 0
-2.32694350967 31.7334545075 2.42830198715409 0 1 1
-2.32639106574 33.9077227889 3.01967915940825 0 1 1
-2.27817460546 32.0390802352 0.732064821680391 0 1 1
-2.23770502377 33.8490475062 4.36456774249551 0 1 1
-2.14105174562 35.7472614596 3.83554837003131 0 7 1
-2.12377817082 32.8944231645 1.94765662840126 0 1 1
-2.10170485386 33.0785456514 3.31552850571267 0.330578512396694 1 1
-2.08922329228 33.0140261632 3.61792303001952 0.330578512396694 1 1
-2.08471700023 35.7567361587 1.24072847319239 0 1 1
-2.07032019865 35.56346521 13.8271472884189 0 1 1
-2.05796269381 31.4551035996 2.58151141354802 0 9 1
-2.03341558516 33.8688317223 7.29755735884746 1.26136363636364 9 1
-2.03007599413 31.5542644562 8.20119004678412 0 1 1
-2.02958929 33.8717870742 5.61999744511519 1.3875 1 1
-2.02851150425 33.9715282627 6.84786095848755 0.595833333333333 1 1
-2.01700806991 32.868281825 2.33010433244738 0 8 1
-1.98265831786 32.988026877 1.89757125470646 0 1 1
-1.9812051322 34.449546849 2.39674298749946 0 1 1
-1.94853940442 33.8179536115 4.63509939374877 0.0815047021943574 1 1
-1.93510931129 32.9371901728 2.88512192021949 0 1 1
-1.93397340031 34.0939580245 5.94615603511911 0 1 1
-1.93224762008 33.8545993835 1.78568979650259 0 11 1
-1.89927282424 33.4015531872 2.12060300089711 0 14 1
-1.8960594557 32.843595828 6.62917879689554 0 1 0
-1.86793575787 34.0079095325 1.43729209466879 0 1 1
-1.84603887725 32.8513740003 2.19374152883381 0 1 0
-1.82922025558 31.6930990384 6.15434194560114 0.619047619047619 1 1
-1.81423214568 30.9435364572 2.60284418666525 0 11 1
-1.7744143782 30.9106282778 3.59036380196671 0 1 1
-1.7419951131 33.3734456476 9.82636531147203 0 1 0
-1.70650683046 34.2598241074 2.50209138057037 0 9 1
-1.70558267131 34.2915190087 1.8405388500485 0 1 1
-1.7047312846 34.216936902 5.3322805979272 0.0209876543209877 1 1
-1.68390845841 31.7152328333 5.15175041296206 0 1 1
-1.63966858446 31.7208007838 4.68042811111393 0.00757575757575758 11 1
-1.62974822391 31.8856163195 2.698496909837 0.0251366120218579 1 0
-1.61407174409 31.7477907027 5.02754454965172 0.040890836071559 1 1
-1.60997125299 31.607012658 7.3657702555582 0.0429752066115702 1 1
-1.58592009037 34.0005584054 2.70176084653744 0.07764885885503 1 1
-1.57090512273 31.6720428483 3.31609586643642 0.256739590684545 11 1
-1.56593452236 33.9358850667 1.24217757298104 0.30230320138577 1 1
-1.56408604846 34.0737642344 2.51753102671083 0.306192735070505 9 1
-1.54232103198 31.899933082 9.97974468703438 0.0971455984648597 1 0
-1.54064881005 31.5698553972 6.1110054724893 0.113001523616049 1 1
-1.53178609267 33.8523888246 1.52917376951978 0.377470355731225 1 1
-1.53069220975 33.7886601128 1.70695712614155 0.387293004393376 1 1
-1.52730164749 33.7956155991 8.65541921840578 0.514296187683284 1 1
-1.51117195632 33.7714072853 6.62803619116845 0.866901054746359 6 1
-1.50249104633 30.8470602162 1.13940232743087 0.157077100115075 1 1
-1.49855360207 31.0767292903 2.17670135210443 0.0671140939597315 11 1
-1.48062793387 31.7410122983 5.57180080274405 0 1 1
-1.47761672789 34.4908220193 3.44905886124976 1.2217868338558 1 1
-1.43375166981 31.126782442 3.7974996374104 0.110471806674338 1 1
-1.42562577717 31.1125920888 5.44899827881925 0.117936117936118 1 1
-1.41680928062 31.5335573854 4.20205512401493 0 1 1
-1.38317016909 30.9581325381 6.76115263572919 0.124401913875598 1 1
-1.3777819194 31.8040239821 4.0521227138936 0.576298701298701 1 1
-1.37003170961 31.5240175454 2.6189649901231 0 1 1
-1.33945226163 31.787720184 4.96404197005945 1.56866537717602 15 1
-1.33849968632 31.6846828759 3.44237938594225 1.56866537717602 9 1
-1.33564983308 31.8229351675 6.29821619023774 1.72332015810277 10 1
-1.32675541078 31.8069328297 4.70021766839716 1.76161616161616 1 1
-1.32477642235 34.3549724628 3.74371762544169 0.570247933884298 14 1
-1.31065961352 31.7910724797 6.75195017698435 1.73809523809524 1 1
-1.30888311368 31.8069429024 6.08421215763477 1.78048780487805 1 1
-1.2986368995 31.8209374742 2.46226579897978 1.67272727272727 1 1
-1.29808257742 31.5755726429 16.8923008141954 0 1 1
-1.29243537797 31.8390522051 7.78508785595784 1.49417249417249 1 1
-1.25926978086 34.4865864931 4.12924383872782 0.361038961038961 1 1
-1.23291885814 31.3630712743 2.63815407517356 0.946022727272727 1 1
-1.21988510312 31.6894024332 4.47564336734652 0 1 1
-1.21342211285 31.6654970309 4.56881043867479 0 10 1
-1.21300950199 31.4639511867 2.63630227279825 0.6 9 1
-1.20763479739 31.4295624184 16.6802054150298 0.563636363636364 1 1
-1.17400743329 31.6499493584 12.4478685593722 0 1 1
-1.12632117852 33.9805743749 5.93070781733429 0 1 1
-1.07931479015 31.4073034539 3.23288535762512 0 1 1
-1.05878345536 30.6970084519 3.60802218266191 0 9 1
-0.998074200016 31.3739988372 5.4227123441395 0.886363636363636 1 1
