"lat" "lon" "cons" "nl" "n" "sample"
-1.46793389320374 29.9231452941895 2.80149774894565 0.4995670995671 1 1
-1.40499544143677 29.949390411377 2.31635160592825 0 12 1
-1.38021421432495 30.0106334686279 2.36158980012298 0 2 1
-1.34085130691528 29.7682571411133 1.59485107544833 0 11 1
-1.25521552562714 30.0568199157715 3.85290938373634 0.909090909090909 10 1
-1.24142968654633 29.9611663818359 2.77638489325084 0.935828877005348 8 1
-1.24129557609558 29.7741756439209 5.34060536206289 0.316804407713499 1 1
-1.19142282009125 29.8102531433105 3.70101544693842 0 1 1
-1.16621911525726 29.7942943572998 2.97142092118475 0 7 1
-1.15726232528687 30.0624504089355 2.67940825933864 0 8 1
-1.15060031414032 29.6728382110596 2.22604879845555 0 11 1
-1.15031540393829 29.5914306640625 2.11537550583271 0 1 1
-0.987176835536957 30.1298351287842 3.19600787854286 0.18 10 1
-0.982336580753326 30.45973777771 2.19634186625164 0 8 1
-0.96490079164505 29.9596881866455 3.37674603117169 0 9 1
-0.946784973144531 30.3120307922363 3.48074057928124 0 1 1
-0.925601899623871 30.7941589355469 2.50274963006479 0 9 1
-0.92032378911972 29.8012294769287 2.95632786927441 0 9 1
-0.90362673997879 31.7654724121094 10.1765897861905 0 1 1
-0.896750926971436 29.7783241271973 5.9309233383357 0 7 1
-0.8871248960495 31.711088180542 3.93952497760206 0 9 1
-0.867663264274597 30.3541145324707 1.99297186790734 0 9 1
-0.860807299613953 30.2692756652832 11.9945342901394 0.710227272727273 7 1
-0.855295062065125 30.6595821380615 3.03460436146836 0 12 1
-0.779665112495422 29.6530265808105 2.23679743784777 0 9 1
-0.760570764541626 30.1790943145752 3.67936294356223 0 7 1
-0.757246434688568 30.8071994781494 5.86954879103625 0 7 1
-0.74503880739212 30.4248142242432 2.65910899420027 0.106666666666667 8 1
-0.69743824005127 30.4774150848389 4.50475576502924 0 1 1
-0.670389473438263 31.1604404449463 2.25625186187108 0 1 1
-0.654303014278412 30.3842182159424 3.48130927850619 0.0384615384615385 2 1
-0.640430748462677 29.8059825897217 2.10431121403148 0 9 1
-0.639231383800507 31.5299892425537 10.8846585441413 2.40909090909091 9 1
-0.619053721427917 29.9435253143311 2.511262899441 0 1 1
-0.612109959125519 31.1836376190186 3.16625067536262 0 1 1
-0.608761012554169 30.6722297668457 9.19070442822371 8.54545454545454 6 1
-0.603493630886078 29.9941101074219 6.12227308945278 0 1 1
-0.60032856464386 30.6659412384033 4.62455087235623 9.27972027972028 1 1
-0.593402326107025 30.6618728637695 8.72111507916949 9.39160839160839 2 1
-0.59185004234314 29.8889656066895 2.75894041498012 0 1 1
-0.588487982749939 30.6899280548096 3.78416089122708 7.3986013986014 1 1
-0.579034507274628 31.5738925933838 3.2590358460341 1.20769230769231 1 1
-0.576782405376434 31.6916370391846 3.43644534169181 0.0909090909090909 8 1
-0.567364752292633 30.4266242980957 3.05887921609006 0 9 1
-0.56057220697403 30.6788005828857 5.13342610319586 5.32575757575758 8 1
-0.556546568870544 30.1343879699707 3.34384846978241 1.62937062937063 9 1
-0.553773462772369 30.3036918640137 4.91745200989811 0 9 1
-0.5497967004776 30.0675220489502 3.25240391453474 0.237762237762238 9 1
-0.539219200611115 30.7055931091309 2.74982493328925 1.71212121212121 1 1
-0.536995410919189 30.0173168182373 2.01360992912971 0 1 1
-0.530627489089966 32.3274917602539 5.76548514015951 0 3 1
-0.528355836868286 29.9541797637939 4.93997966006002 0 7 1
-0.522386312484741 31.3553428649902 3.18729289434531 0 9 1
-0.51861160993576 31.1944370269775 2.23323214756736 0 6 1
-0.508830487728119 31.3332862854004 2.69683807104832 0 11 1
-0.503361105918884 31.6160697937012 4.88450550391713 1.82307692307692 6 1
-0.492146402597427 30.5141677856445 4.53888787281495 0 1 1
-0.471200257539749 31.3637866973877 3.11701404110524 0 11 1
-0.402727663516998 31.3498954772949 6.78012650021078 0.884297520661157 1 1
-0.378038644790649 31.7260093688965 5.96053037779747 5.0495867768595 1 1
-0.370604664087296 31.749454498291 3.54896701145144 4.98181818181818 1 1
-0.364492684602737 31.1595478057861 1.60723374526929 1.46280991735537 1 1
-0.344247996807098 31.5716648101807 3.23383544567388 1.59090909090909 9 1
-0.343147128820419 31.7253131866455 18.6333703957048 10.7190082644628 5 1
-0.34035649895668 31.1840381622314 5.20103678399928 0.148760330578512 1 1
-0.323038339614868 30.5947933197021 3.03765063048085 0 10 1
-0.314625114202499 31.7481575012207 5.74810123340388 12.0495867768595 1 1
-0.314386487007141 31.768533706665 5.94807366270735 10.7107438016529 1 1
-0.303979516029358 30.3784961700439 2.91102937906857 0 10 1
-0.303412914276123 31.72287940979 3.80447088626103 11.3181818181818 1 1
-0.301559329032898 31.7502498626709 1.91678323333198 10.801652892562 1 1
-0.29533115029335 31.2187824249268 4.57111180076586 0 8 1
-0.292247772216797 31.4787216186523 4.60804839626636 0.0454545454545455 8 1
-0.291444003582001 31.7913436889648 2.92213296134331 5.71074380165289 8 1
-0.278873801231384 30.8901271820068 2.86166470121168 0 8 1
-0.27213916182518 31.7503662109375 7.99158891775741 6.70247933884298 1 1
-0.260062783956528 30.129674911499 2.71341735706284 0 8 1
-0.248543187975883 31.6678161621094 3.17412488798543 0.0909090909090909 7 1
-0.227396413683891 30.4021682739258 4.40679617723937 0 12 1
-0.205463990569115 31.5668087005615 5.75755841872956 0.0495867768595041 1 1
-0.197683021426201 31.8102912902832 3.44833382689767 0.0413223140495868 10 1
-0.155980333685875 31.400016784668 2.06508934100112 0 1 1
-0.15113827586174 30.9488544464111 2.36378562577843 0 3 1
-0.151018559932709 31.4375495910645 3.46229856018173 0 10 1
-0.142147570848465 31.8796768188477 5.24058121641852 0.958677685950413 4 1
-0.132562950253487 30.4788208007812 6.57461020542871 0.7 8 1
-0.120474293828011 31.8799686431885 8.13847189000492 1.05454545454545 1 1
-0.107999116182327 31.1247825622559 1.35770307197338 0 1 1
-0.105038173496723 30.2642192840576 2.40246935428574 0 6 1
-0.0795709863305092 31.6357078552246 2.616394544258 0 9 1
-0.0435730405151844 32.0053062438965 5.83629099790183 0.471074380165289 1 1
-0.015238362364471 30.9372711181641 2.50107554988672 0 1 1
0.000341503007803112 29.7339096069336 2.19028891617886 0.528925619834711 12 1
0.000976596027612686 31.7997989654541 2.09175325254532 0 5 1
0.0148298358544707 30.5203266143799 3.28938790819694 0 9 1
0.0299270804971457 32.0245895385742 1.87698349728995 0.845454545454545 1 1
0.0393437594175339 32.5403861999512 6.89881185506762 2.59504132231405 7 1
0.0560901910066605 32.3109283447266 4.05805515766061 0 4 1
0.0584137737751007 29.9493350982666 3.0816021863826 0 9 1
0.0677282065153122 32.4715919494629 5.01986206909589 16.2636363636364 6 1
0.0716098621487617 32.0928726196289 4.44396413801972 1.5 10 1
0.0804493054747581 29.8522396087646 2.03375490220701 0 8 1
0.0808010026812553 30.4895534515381 4.62762927497073 0 1 1
0.103999450802803 33.7830924987793 1.07348289716891 0 2 1
0.112059839069843 31.7603454589844 3.56823094498022 0 8 1
0.112189784646034 33.4779624938965 4.96303559751291 0 7 0
0.142605289816856 30.495325088501 3.4286348248834 0 10 1
0.145366743206978 31.2310600280762 4.46355087019946 0 8 1
0.160929515957832 32.5529327392578 6.67787466884504 8.78512396694215 8 1
0.165164172649384 30.4961166381836 2.96317363121006 0 1 1
0.170688912272453 32.4613609313965 5.09422263645436 2.35454545454545 1 1
0.177929356694221 30.0738525390625 7.0060867464513 3.84297520661157 3 1
0.189466461539268 32.4375190734863 1.9293706553757 1.99090909090909 1 1
0.189983159303665 30.5490627288818 2.23111314816106 0 1 1
0.196654409170151 32.2552299499512 2.75032748626067 0.890909090909091 7 1
0.213034510612488 31.0526390075684 6.27876225531454 0 5 1
0.21624767780304 31.5747833251953 1.67014192757134 0 1 1
0.218554243445396 32.5398979187012 6.54218159524914 16.4297520661157 3 1
0.231386110186577 32.590991973877 3.75652186094124 21.7107438016529 1 1
0.2386794090271 32.6208229064941 10.9160317289606 18.1515151515152 1 1
0.239827170968056 32.5439300537109 5.30266515972659 24.8842975206612 6 1
0.240531414747238 31.776927947998 5.60397172652036 0 1 1
0.252456456422806 30.1200008392334 3.19025754005981 0.15702479338843 1 1
0.255861133337021 32.6040191650391 9.57623326624094 30.2424242424242 6 1
0.25701767206192 32.5793304443359 6.33750198387687 35.5984848484849 1 1
0.258136421442032 32.5653228759766 11.9393299746704 36.0495867768595 1 1
0.261842280626297 32.556755065918 9.44797732187848 37.0818181818182 5 1
0.265680611133575 32.4627571105957 19.6914003776813 11.9772727272727 8 1
0.268996745347977 32.5728454589844 6.61532097159397 40.6942148760331 1 1
0.270254284143448 31.6484489440918 3.16824392688673 0 8 1
0.273187041282654 32.6248092651367 9.30299139648163 30.8760330578512 9 1
0.27472311258316 31.9426517486572 3.60353241635277 0 7 1
0.276929646730423 32.5459365844727 4.21832027266363 39.8333333333333 1 1
0.279319494962692 32.5660514831543 15.9415372213214 46.6818181818182 2 1
0.285392194986343 32.6176643371582 7.70828677136891 37.9338842975207 3 1
0.285813391208649 32.5787391662598 6.3262067147972 47.8333333333333 6 1
0.285991013050079 32.538703918457 8.06953512989177 42.6446280991736 1 1
0.286152809858322 32.6383666992188 4.63381441775064 28.9090909090909 1 1
0.288416594266891 32.5790481567383 5.19393255998466 50.1833333333333 1 1
0.289080739021301 32.5606498718262 4.04424033592456 49.5206611570248 1 1
0.289272874593735 32.6159744262695 7.65561674942423 41.5206611570248 6 1
0.289791643619537 32.5353813171387 15.0346453841415 42.5206611570248 1 1
0.289859712123871 32.553035736084 25.5437830998565 47.5289256198347 3 1
0.290199130773544 32.5759086608887 12.6878229312031 51.9421487603306 1 1
0.295154541730881 32.5853996276855 11.5613584072631 53.9272727272727 4 1
0.297392398118973 32.5121841430664 8.62446183279799 35.3863636363636 1 1
0.301654934883118 32.6005477905273 10.7172448955582 51.1487603305785 5 1
0.303095519542694 32.5733451843262 11.5240821301301 54.7520661157025 2 1
0.303221106529236 32.6197471618652 6.50978575844521 42.2954545454545 7 1
0.30460998415947 32.543773651123 3.49478648784136 49.2818181818182 5 1
0.305940717458725 32.5291442871094 6.84332486690576 44.0075757575758 6 1
0.30630150437355 32.5940170288086 10.3116852818421 55.9173553719008 1 1
0.312796533107758 32.6114730834961 6.08571521646479 50.3583333333333 5 1
0.313044756650925 32.5691452026367 5.71361467008547 57.5727272727273 6 1
0.31351912021637 33.8706359863281 1.77712560189077 0 9 1
0.316349565982819 33.1603584289551 8.26420574117085 0 6 1
0.317143380641937 32.5373229980469 2.6590226827431 48.3030303030303 2 1
0.317999452352524 32.5423927307129 9.81041384242507 50.4876033057851 1 1
0.32007160782814 32.555046081543 4.53274145802129 54.925 1 1
0.321927607059479 32.6380882263184 5.56138452005324 42.3787878787879 2 1
0.322076350450516 32.5258026123047 5.12629413199597 43.8760330578512 1 1
0.325885891914368 32.5444068908691 4.07101648778501 51.9469696969697 1 1
0.326053887605667 32.5104064941406 6.40881724845461 35.3057851239669 6 1
0.326278805732727 32.5814552307129 5.69915519858436 59.7272727272727 1 1
0.326390743255615 32.5551452636719 7.35595498067258 54.6439393939394 1 1
0.327177673578262 32.5470695495605 4.17810456498879 51.9469696969697 1 1
0.32752513885498 32.9794807434082 3.08774786649902 0.78030303030303 1 1
0.32818478345871 32.6340675354004 3.71391023695108 44.8760330578512 5 1
0.329069077968597 32.6401329040527 12.2042482923331 42.0272727272727 1 1
0.329365700483322 32.564769744873 11.6190929792798 59.0727272727273 1 1
0.329715937376022 32.577938079834 16.7626682944093 59.7416666666667 1 1
0.330750405788422 32.5421409606934 12.8109215829866 51.0330578512397 5 1
0.332452565431595 32.5423698425293 8.7297152110108 51.0330578512397 3 1
0.33318766951561 32.5706558227539 17.0492093441521 58.4924242424242 4 1
0.335266023874283 31.6469745635986 2.82626854678629 0 1 1
0.336948543787003 32.5895614624023 3.97810852105956 59.9818181818182 1 1
0.33720475435257 32.6085891723633 6.923274661963 56.9454545454545 3 1
0.337927013635635 32.5367279052734 11.6958414575955 48.6416666666667 1 1
0.338240087032318 32.6403274536133 6.06326155654793 43.7727272727273 1 1
0.339910417795181 32.5585670471191 4.1066854354154 55.8842975206612 1 1
0.343906313180923 32.5416831970215 4.74269390046482 50.1900826446281 1 1
0.34478223323822 32.587532043457 9.92361232211822 58.9318181818182 6 1
0.345752984285355 32.5462989807129 7.24761353359179 50.5583333333333 5 1
0.345997929573059 32.5832252502441 8.45534297471239 59.6727272727273 4 1
0.346186548471451 32.2513008117676 2.16774093846275 0 1 1
0.347104102373123 32.5375289916992 6.967267214167 46.0606060606061 1 1
0.34771341085434 32.6829795837402 7.82355483686395 24.900826446281 6 1
0.34773924946785 32.572135925293 6.82943714485209 56.25 1 1
0.349634975194931 32.5372314453125 5.48538431051261 46.0606060606061 6 1
0.350127428770065 32.6699867248535 7.40917942483305 30.6060606060606 8 1
0.350512117147446 32.6247978210449 4.18858804195014 50.4297520661157 1 1
0.351066559553146 32.667366027832 11.4046447843835 32.1652892561983 1 1
0.351295322179794 32.6307220458984 0.896465212430042 48.2272727272727 1 1
0.354955315589905 32.9335060119629 28.8929984689159 3.97272727272727 8 1
0.355950325727463 32.6122016906738 9.89101339391019 51.9924242424242 1 1
0.356245428323746 34.0076866149902 3.14551231101732 0 1 1
0.356767296791077 32.5571060180664 6.96183377215438 51.7190082644628 5 1
0.356909781694412 32.5883522033691 10.2626612006844 55.3409090909091 4 1
0.35821470618248 30.0851936340332 2.23300204271815 0 9 1
0.358734905719757 30.0881900787354 3.62586190044682 0 1 1
0.359630525112152 33.1372489929199 1.68657357454307 0.575757575757576 1 1
0.362534463405609 32.5747261047363 9.13708718428195 54.4909090909091 1 1
0.36514076590538 32.5970153808594 16.5373482406733 51.9318181818182 6 1
0.365630447864532 32.555477142334 4.99240014850328 46.7121212121212 1 1
0.366757988929749 32.5923805236816 4.48865956381648 52.504132231405 1 1
0.367720067501068 32.6239585876465 13.2927049580339 46.6363636363636 4 1
0.368404358625412 32.5902557373047 11.3483389815634 52.504132231405 7 1
0.369690954685211 33.1874313354492 2.25628599573923 1.32575757575758 11 1
0.369839280843735 32.5665283203125 9.17681454149601 50.6694214876033 1 1
0.369963735342026 32.5560455322266 4.23383413720507 45.75 1 1
0.371428996324539 32.5650596618652 11.7558157115634 49.7454545454545 5 1
0.372188210487366 32.5684623718262 8.10461985168077 47.1742424242424 1 1
0.372613370418549 32.7563743591309 2.96184530851087 12.1515151515152 1 1
0.375993281602859 32.5358734130859 11.9601238806155 38.2045454545455 5 1
0.376263439655304 33.1910133361816 2.74825628454367 2.19834710743802 10 1
0.378049045801163 32.5941276550293 9.45439250259949 48.3333333333333 3 1
0.378245055675507 33.5693740844727 3.13661809836984 0 1 1
0.380855351686478 32.5164604187012 2.92824452980483 28.0578512396694 1 1
0.389015406370163 34.0578117370605 1.78906765064354 0 10 1
0.389080584049225 30.4866619110107 1.83920117348603 0 8 1
0.389507055282593 32.8391036987305 5.57778499571896 4.46969696969697 1 1
0.389594316482544 32.5794258117676 3.55568348331103 40.1515151515151 1 1
0.390592843294144 32.5215911865234 5.89302324712802 27.0757575757576 1 1
0.390713512897491 32.0738220214844 5.88235557608572 3.43801652892562 7 1
0.391492933034897 32.9793014526367 2.49587301168482 2.28030303030303 1 1
0.401924014091492 32.1020774841309 2.02645297949732 1.10606060606061 1 1
0.402623325586319 32.0810546875 3.70755480910478 3.15151515151515 8 1
0.403172373771667 33.5244331359863 6.92857134380628 0 1 1
0.410726010799408 32.488712310791 9.57235196635049 13.2424242424242 1 1
0.411417484283447 33.1413688659668 4.34645221999973 5.43801652892562 7 1
0.411849081516266 32.6887550354004 6.7804871742616 15.2833333333333 6 1
0.413774818181992 31.2379608154297 1.85269786193562 0.303030303030303 1 1
0.417212635278702 33.2152442932129 3.3545487421275 9.12121212121212 1 1
0.419650048017502 31.0364627838135 2.45895092442002 0 6 1
0.422720521688461 33.2024993896484 10.584184886189 11.1515151515152 5 1
0.423023223876953 33.1447410583496 3.88954895152216 7.59848484848485 1 1
0.423703491687775 33.6121711730957 1.38077947613808 0 4 1
0.426389187574387 31.8379459381104 1.65954297509001 0 1 1
0.431405365467072 33.8126411437988 1.40333354839552 0 10 1
0.432436555624008 33.2406768798828 4.05847502570668 8.65909090909091 4 1
0.435742348432541 32.8037338256836 3.41829065355127 2.81060606060606 8 1
0.446488440036774 31.8257064819336 1.23056121842518 0 1 1
0.447067439556122 30.1652870178223 2.13194266533438 0 5 1
0.457418084144592 33.6858711242676 1.38444439226084 0 1 1
0.459744095802307 31.5957298278809 2.92371642531473 0 1 1
0.463651865720749 32.7899627685547 4.39935566127502 1.59848484848485 1 1
0.46774822473526 34.0916976928711 3.61511685214744 3.23076923076923 3 1
0.471293449401855 32.8645896911621 5.98707463403293 0 1 1
0.480199247598648 31.7791748046875 0.942664571090475 0 1 1
0.480719834566116 31.6931667327881 5.7086081332774 0 1 1
0.482223629951477 32.567211151123 33.3347193296576 6.74125874125874 1 1
0.485487937927246 33.2385559082031 10.5527433963926 10.5757575757576 8 1
0.487563967704773 31.8009243011475 3.2001643773783 0 8 1
0.490654230117798 34.0917701721191 2.02749181640293 3.07692307692308 8 1
0.502339541912079 32.12890625 6.32987871038797 0 1 1
0.505781412124634 32.329402923584 4.88605923805865 0 1 1
0.508613526821136 33.1530990600586 1.8873354407858 5.63636363636364 1 1
0.513224303722382 33.4177093505859 3.09460415381071 1.89230769230769 7 1
0.515556812286377 33.4361724853516 7.80844757682045 1.40151515151515 1 1
0.524179399013519 31.3594627380371 3.04045934226182 2.03496503496504 1 1
0.537967622280121 31.368236541748 3.9529091472796 2.90769230769231 8 1
0.540446817874908 33.7905082702637 4.3790064659623 0.468531468531469 1 1
0.541162073612213 33.8659553527832 2.77326764457696 0 1 1
0.543038308620453 30.5602741241455 1.57888544969864 0 1 1
0.543995559215546 32.1898193359375 2.67949637436285 0 5 1
0.545563697814941 33.0937652587891 2.9119366013334 1.27692307692308 8 1
0.547453582286835 33.1652755737305 2.26002335375174 1.81118881118881 1 1
0.551319479942322 33.125862121582 2.46151097123988 1.58041958041958 8 1
0.551625669002533 33.618896484375 1.65572691716285 0 9 1
0.552687466144562 31.3820266723633 13.3937432436211 3.02797202797203 6 1
0.562989771366119 33.4349784851074 2.11114376489593 1.03846153846154 1 1
0.572827994823456 33.4740257263184 3.40519703724517 1.47552447552448 8 1
0.57459944486618 33.4334487915039 4.81180965944127 1.52447552447552 1 1
0.575504064559937 31.8198223114014 11.2024913082445 0 1 1
0.576142966747284 33.4181022644043 2.86276613163471 1.24475524475524 1 1
0.578551709651947 30.1612014770508 2.35496093852497 0 8 1
0.584685146808624 32.5620079040527 3.93970098527941 1.3986013986014 1 1
0.586552023887634 32.5252227783203 5.35388292154454 1.3986013986014 1 1
0.586751282215118 31.7181549072266 3.8940483790011 0 8 1
0.589527010917664 32.6231079101562 4.45832563243853 0.041958041958042 9 1
0.591023623943329 30.4715900421143 3.57719509676964 0 5 1
0.597221910953522 30.0092067718506 3.85571958323873 0 1 1
0.599728763103485 30.6424827575684 12.0541879721891 0 4 1
0.602689206600189 33.7079124450684 12.115452576538 0.678321678321678 1 1
0.604715883731842 33.4813499450684 6.52381429676131 3.08461538461538 1 1
0.610065340995789 30.1967735290527 4.41471225240887 0.0909090909090909 1 1
0.615904808044434 33.4700546264648 4.23175433807753 2.6038961038961 4 1
0.619389116764069 32.8121566772461 3.77643513026237 0 7 1
0.623697280883789 33.4741477966309 8.93148868846352 2.8041958041958 10 1
0.624699711799622 32.5529403686523 12.2382382400717 0.923076923076923 1 1
0.625139534473419 32.9195861816406 2.90608972084854 0 9 1
0.625762522220612 33.2887725830078 2.52946048748501 0 9 1
0.626914322376251 30.2771186828613 2.54966391168078 1.53146853146853 8 1
0.627311944961548 32.0867080688477 13.5480848560583 0 1 1
0.629517555236816 33.5412788391113 2.02608789738302 0.453846153846154 1 1
0.63070547580719 31.7877235412598 4.03909310842389 0.155844155844156 9 1
0.640629768371582 32.9984588623047 2.19781203905595 0 1 1
0.64079874753952 30.3012828826904 4.41040373020318 2.02097902097902 7 1
0.64454174041748 32.2456817626953 2.58201538812909 0 1 1
0.64493328332901 33.7126388549805 1.17543464567777 0 1 1
0.649369120597839 34.1515159606934 1.60169127452952 1.8041958041958 1 1
0.651609599590302 30.6466178894043 3.9259700249831 0 1 1
0.652989745140076 30.2333354949951 6.46822688459213 1.81818181818182 1 1
0.653539955615997 30.275634765625 5.33905435344276 2.31538461538462 1 1
0.657477378845215 34.1587715148926 1.48387275565634 2 10 1
0.660239696502686 33.2418060302734 1.54622240778167 0 1 1
0.661986351013184 34.140625 1.9106093074993 2.23846153846154 1 1
0.662385106086731 32.7091407775879 3.81907592717083 0 8 1
0.671626806259155 31.2620639801025 3.42940946725963 0 1 1
0.674982845783234 33.5198974609375 1.78812467140757 0.461038961038961 6 1
0.684333980083466 30.0505027770996 5.0354823568841 0 9 1
0.684433221817017 32.3014259338379 3.14303556183801 0 5 1
0.684824407100677 32.8292083740234 2.98414587874469 0 6 1
0.686091244220734 31.2665863037109 1.56604381620858 0 1 1
0.688543796539307 30.3381462097168 7.8234636450508 0.551948051948052 1 1
0.696134746074677 34.0029640197754 1.96225478922639 0 8 1
0.696242272853851 34.1093864440918 3.4951007681486 1.34285714285714 7 1
0.702604353427887 34.1930999755859 10.7520593243407 1.90909090909091 1 1
0.711117923259735 34.1736373901367 1.83162633211866 1.68831168831169 4 1
0.711598098278046 33.6848335266113 1.76989694660306 0 7 1
0.71214485168457 32.5294303894043 4.72207158513756 0.578571428571429 7 1
0.721441149711609 33.069709777832 7594.1173681511 0 1 1
0.726580560207367 32.9185066223145 4.30601393815172 0.396103896103896 8 1
0.728757619857788 30.6465892791748 2.90662529564114 0 8 1
0.732910215854645 32.9587593078613 4.5133486213168 0.296969696969697 7 1
0.733247816562653 33.5968589782715 1.52919024087678 0 1 1
0.736392080783844 30.2365856170654 3.45685249615164 0.038961038961039 1 1
0.739024102687836 32.9351539611816 5.69630255179216 0.36969696969697 1 1
0.751306176185608 31.7029800415039 2.65868641047224 0 1 1
0.75813615322113 33.419563293457 1.39512623207859 0 1 1
0.767357647418976 32.5258140563965 1.35437057598567 0.418181818181818 1 1
0.773993253707886 33.0747528076172 2.38255199832243 0 9 1
0.775407314300537 33.3474769592285 4.35962011765736 0 12 1
0.785026848316193 33.3249053955078 2.07375992314262 0 1 1
0.785143792629242 30.2475070953369 2.84537274529359 0 7 1
0.786843597888947 33.5675315856934 3.31908807549635 0 1 1
0.794874548912048 32.4711418151855 3.35085045558671 0.136363636363636 1 1
0.802708446979523 34.3096466064453 1.23357235309144 0 7 1
0.804886937141418 34.3069801330566 6.23385739140189 0 1 1
0.808688759803772 34.3362693786621 1.48556250315465 0 10 1
0.811501383781433 32.5159187316895 4.84131043730401 0.472727272727273 8 1
0.818856716156006 33.2036972045898 2.11516368263961 0 1 1
0.819429337978363 34.0940742492676 2.36112004617999 0 9 1
0.822011709213257 30.7921314239502 3.66928528900491 0 10 1
0.823249995708466 34.2178001403809 4.27462887550363 0 1 1
0.825316965579987 34.2723846435547 2.14975169045454 0 12 1
0.82723480463028 32.8440856933594 4.2443133372953 0 9 1
0.827926635742188 31.8434658050537 2.13238634085899 0 9 1
0.828696727752686 33.2164840698242 2.78736675688891 0 1 1
0.857629358768463 34.3664779663086 2.34241296028585 0 8 1
0.869543254375458 34.3812675476074 2.08142979123998 0 8 1
0.883820950984955 34.3841171264648 1.8664992266148 0 9 1
0.887235939502716 30.6932125091553 2.2709317590361 0 7 1
0.887243986129761 31.7009468078613 1.04482876267635 0 1 1
0.90053391456604 33.1015129089355 2.63195554809048 0.0962566844919786 7 1
0.914398610591888 30.7580909729004 1.67860292990919 0 1 1
0.914466857910156 31.0712184906006 2.92796513926377 0 8 1
0.923509061336517 31.5785617828369 3.38503407699177 0 7 1
0.924405336380005 33.1305084228516 2.90551978747828 0.308080808080808 7 1
0.940079212188721 30.811918258667 6.7717887268617 0 3 1
0.961448907852173 33.5919456481934 2.23445967271239 0 8 1
1.00910222530365 30.5577793121338 2.63231311231999 0 5 1
1.01349663734436 34.3168792724609 3.33019049179895 0 1 1
1.01656532287598 33.3279800415039 2.49922684201099 0 8 1
1.01852333545685 34.0729484558105 1.42463403529249 0.0303030303030303 8 1
1.02071845531464 31.1242160797119 3.35150303101054 0 8 1
1.02946770191193 34.2461814880371 1.45425059369746 0.647619047619048 12 1
1.03577780723572 33.3878631591797 2.12843626993062 0 9 1
1.05075490474701 33.4236488342285 1.43663401400207 0 1 1
1.05097627639771 32.4674682617188 3.74976855026546 0 1 1
1.05403518676758 34.3706207275391 2.25191288101506 0 8 1
1.05894637107849 33.1644973754883 1.02097480268098 0 1 1
1.05927336215973 34.1466407775879 5.10696083788358 2.28512396694215 1 1
1.06010282039642 33.0102233886719 2.24579063185509 0 12 1
1.07075548171997 34.1721992492676 14.9155049923138 2.74545454545455 4 1
1.07345378398895 34.1650390625 4.9170524897879 2.49802371541502 4 1
1.08883786201477 33.4021606445312 1.73923189494871 0 8 1
1.11415433883667 33.2152366638184 1.92155586727186 0 1 1
1.1177716255188 33.8638305664062 3.77054328113443 0 1 1
1.12054681777954 34.0546684265137 1.2092952369242 0.245833333333333 8 1
1.13588058948517 32.9908790588379 0.970708474135029 0 1 1
1.14941644668579 33.9205665588379 1.76846567256934 0 8 1
1.15165543556213 34.261589050293 2.10975523802029 0.272727272727273 9 1
1.15960025787354 32.0026092529297 2.50580976283049 0 5 1
1.1838995218277 33.7195930480957 4.35757793466078 0 4 1
1.19971585273743 34.1584243774414 2.32951920324908 0 9 1
1.20923256874084 33.047924041748 2.04242414717032 0 10 1
1.2184237241745 34.2704315185547 1.43376536830092 0 8 1
1.23299014568329 33.331226348877 1.67951518651705 0 10 1
1.23367488384247 30.961950302124 1.07886794690969 0 1 1
1.2457377910614 34.2635726928711 4.25592740757113 0 7 1
1.25608265399933 30.8103256225586 1.66028056480649 0 9 1
1.26079976558685 33.7970542907715 1.81306172211723 0 10 1
1.27609848976135 34.3719062805176 1.94023246816005 0 8 1
1.31225717067719 33.8341369628906 1.36282095174193 0 1 1
1.31359672546387 33.7401695251465 2.40284746380192 0 9 1
1.33163118362427 34.6608619689941 2.60616110682577 0 7 1
1.36187076568604 31.4513874053955 2.25411121291323 0 7 1
1.37214016914368 33.9079666137695 2.60633939725029 0 14 1
1.3747730255127 34.3019981384277 1.54131584349176 0 10 1
1.38218474388123 34.4044532775879 1.96142843967522 0 8 1
1.39986944198608 32.2564964294434 4.26093239256093 0 1 1
1.42019391059875 34.3404159545898 6.4182257482935 0 1 1
1.42373299598694 31.2255592346191 1.70808614439402 0.438356164383562 1 1
1.43425595760345 33.849781036377 2.31644034772398 0 1 1
1.44195747375488 31.155403137207 2.46053291458578 0.380952380952381 7 1
1.4455726146698 33.4816360473633 1.7001444276767 0 1 1
1.44564294815063 31.3347625732422 3.45728346307182 0.404597701149425 7 1
1.46846723556519 34.0943183898926 3.04118313054146 0 1 1
1.47465217113495 31.3388938903809 6.51879097210111 0.231331168831169 11 1
1.47599637508392 33.9171676635742 9.11248607439502 0 7 1
1.49167764186859 33.9666748046875 2.75976810761313 0 1 1
1.50145709514618 33.4706115722656 8.21085071796934 0 1 1
1.50963222980499 33.3904228210449 3.85265960003233 0 1 1
1.5148845911026 32.1014823913574 8.85924977715675 0 1 1
1.52577114105225 33.5503845214844 2.72257674867441 0 5 1
1.5315842628479 34.0501136779785 2.22512429741652 0 13 1
1.55056166648865 34.0585899353027 4.65759954111192 0 1 1
1.56147372722626 33.3062973022461 2.59464290780736 0.158728239845261 10 1
1.5665864944458 33.2737236022949 2.42243058097603 0.155101547388781 1 1
1.57053363323212 32.3624420166016 5.08410046326719 0.166223404255319 1 1
1.58144092559814 32.8386688232422 1.62552138375287 0.143254352030948 1 1
1.58244657516479 32.1892929077148 4.62363244052373 0.143254352030948 8 1
1.58896815776825 33.8601341247559 1.76736687812892 0.00878533231474408 10 1
1.60925388336182 32.1914749145508 1.62722128258844 0.0410870268521514 1 1
1.62602508068085 31.5849761962891 2.89650474103978 0.0783216783216783 3 1
1.64418232440948 31.5741443634033 776.806174938161 0.16017316017316 1 1
1.66368937492371 33.967887878418 2.52393306713339 0.0336990595611285 10 1
1.67027997970581 33.7054595947266 2.96976116721298 0.0398148148148148 1 1
1.69431710243225 31.7118549346924 4.38062935750325 0.286157024793388 5 1
1.70041382312775 33.6885223388672 3.57940229680317 0.237012987012987 10 1
1.72660863399506 33.8913764953613 5.1448028033767 0.189723320158103 1 1
1.72766292095184 33.5183486938477 5.97791499299187 0.288537549407115 1 1
1.73496079444885 33.4685592651367 1.46835955527625 0.301652892561983 1 1
1.73786163330078 34.095272064209 2.76974670387565 0 1 1
1.74095821380615 33.5833396911621 2.85210735694854 0.316017316017316 13 1
1.74108505249023 33.6019668579102 4.289815819166 0.311079545454545 5 1
1.74421155452728 33.049633026123 1.71749373900559 0 1 1
1.74660897254944 32.1670837402344 4.37390806826001 0 1 1
1.74665224552155 31.6700687408447 2.33656307877564 0.032258064516129 4 1
1.76605308055878 33.0238914489746 4.24952463914721 0 1 1
1.76908838748932 34.8571166992188 1.76171682337107 0 7 1
1.77690458297729 34.5669364929199 0.746930022526485 0 1 1
1.77958250045776 33.0395240783691 1.58298017267309 0 10 1
1.7825722694397 32.1667938232422 3.95602270616821 0 1 1
1.79521262645721 32.899227142334 2.89559773475038 0 10 1
1.82034254074097 33.2951164245605 1.82997031958915 0 1 1
1.8266932964325 32.4814224243164 2.11022798970883 0 1 1
1.83443355560303 33.5172080993652 2.01655750671748 0 1 1
1.83483409881592 32.3841743469238 3.92913913137516 0 10 1
1.84558916091919 34.7231597900391 3.24281089788168 0 10 1
1.85034811496735 32.7078704833984 4.03707188012786 0 1 1
1.85972571372986 32.7995758056641 2.09808109850872 0 1 1
1.86747825145721 32.7966499328613 2.15289631241545 0 1 1
1.86953103542328 33.9480819702148 2.38020740708428 0 9 1
1.88566279411316 32.4086265563965 5.88993020344555 0 1 1
1.89014375209808 33.823802947998 2.960681343607 0 1 1
1.8964284658432 32.6634521484375 1.44204672237327 0 1 1
1.90533483028412 32.3719940185547 3.03897244079102 0 9 1
1.95079851150513 32.1478996276855 2.13296533212499 0 1 1
1.96819818019867 32.5683441162109 1.83814534880901 0 1 1
1.97871387004852 32.5296211242676 10.7596852347962 0 6 1
1.98235940933228 33.0550918579102 4.77786703541268 0 5 1
1.99222588539124 32.8047180175781 0.717023811057676 0 1 1
1.99565899372101 33.5602836608887 1.97261942558358 0 1 1
1.9975837469101 32.5424842834473 3.21515042551564 0 1 1
1.99999451637268 33.2409324645996 1.68263737601468 0 11 1
2.02559471130371 32.7174186706543 2.23767060503441 0 4 1
2.02890801429749 33.590747833252 2.27769783847738 0 3 1
2.03341221809387 32.8325843811035 3.14736440611593 0 1 1
2.0371253490448 33.4809303283691 1.93524715499689 0 1 1
2.05196261405945 33.977970123291 1.75786412247918 0 1 1
2.08050131797791 33.6641159057617 2.53379550305179 0 1 1
2.09265446662903 31.4800834655762 1.96285242374746 0 8 1
2.09518933296204 32.4133453369141 3.46920672376595 0 1 1
2.11178040504456 33.1042327880859 1.09495585676495 0 9 1
2.11359143257141 33.1176986694336 1.86101198130123 0 1 1
2.11768364906311 32.5353012084961 19.5502180646479 0 1 1
2.12083601951599 33.1334571838379 1.60680147954469 0 1 1
2.12212133407593 33.191463470459 1.99912967183822 0 12 1
2.12810254096985 33.5726165771484 9.48580436292811 0 1 1
2.13755464553833 33.2075042724609 1.39005097670955 0 1 1
2.14581179618835 34.2044410705566 1.88535964194604 0 8 1
2.14705204963684 32.6508445739746 1.69518647796114 0 8 1
2.15202903747559 32.5299224853516 2.09831005706464 0 12 1
2.15481948852539 32.6993865966797 2.46301963588419 0 1 1
2.17402648925781 32.6161270141602 6.6599294719533 0 1 1
2.18861675262451 33.1163444519043 1.73993149232522 0 11 1
2.20474600791931 33.1740913391113 1.34472657853448 0 13 1
2.20869064331055 32.8817863464355 2.40472976594265 1.22222222222222 1 1
2.21163558959961 32.873420715332 28.3347322741891 1.34444444444444 1 1
2.21650981903076 32.8898048400879 6.328897428229 1.73232323232323 5 1
2.22304749488831 32.8626556396484 6.67575079892217 2.13131313131313 1 1
2.22743916511536 32.2615852355957 0.599154653571372 0 1 1
2.23748445510864 32.9107971191406 3.58856873885644 2.67222222222222 1 1
2.24418377876282 32.8969917297363 3.24374077100036 2.6010101010101 6 1
2.25625014305115 32.8728981018066 6.4679321740626 2.75401069518717 1 1
2.2566249370575 32.9248352050781 4.56899935441821 2.72192513368984 1 1
2.2636284828186 32.8983764648438 6.8744487862309 2.75401069518717 6 1
2.27572822570801 32.9039154052734 7.41603814529458 2.76704545454545 1 1
2.29200911521912 32.7195281982422 1.53610566595842 0 1 1
2.29568600654602 33.0078506469727 0.77495143264 0 1 1
2.29793643951416 32.4508323669434 1.73151307520806 0 10 1
2.29922199249268 32.7220840454102 6.68320074105797 0 1 1
2.31113576889038 32.9849128723145 1.86987453854287 0 10 1
2.3119683265686 33.0099906921387 3.81517374309572 0 1 1
2.31616306304932 32.9403533935547 8.52427009218669 0.454545454545455 6 1
2.32385993003845 33.0019454956055 2.77409486491744 0 1 1
2.32800364494324 33.2625541687012 1.43041037938216 0 1 1
2.33012795448303 33.0397720336914 1.74083071580644 0 2 1
2.34069156646729 33.0564002990723 1.06211750249016 0 1 1
2.35250067710876 32.2547607421875 1.85033577357171 0 10 1
2.35689759254456 31.4175453186035 3.67844254665552 0 7 1
2.35744428634644 34.5862770080566 1.21907975130118 0 9 1
2.35982012748718 30.9178142547607 2.30378041191158 0 7 1
2.36052346229553 33.2130241394043 2.84854871004767 0 1 1
2.3648579120636 32.6032752990723 1.41459933133512 0 9 1
2.37312650680542 33.0343399047852 0.867677861929896 0 1 1
2.37368083000183 34.501106262207 0.918296686732568 0 8 1
2.39480662345886 31.126745223999 3.06486529413441 0 1 1
2.3958466053009 32.5130233764648 1.99772177276993 0 1 1
2.40863752365112 33.0646171569824 0.997664923663184 0 1 1
2.41697716712952 30.9864540100098 4.98516372981363 0 5 1
2.41769194602966 31.0396976470947 3.72926278998392 0 1 1
2.41977453231812 32.5182495117188 1.27664858472293 0 1 1
2.42460131645203 32.851692199707 1.76423005132019 0 11 1
2.42715930938721 33.0419387817383 1.08232453775578 0 1 1
2.42945981025696 32.8906021118164 1.39961835914965 0 11 1
2.43073320388794 32.7466316223145 1.76336035774959 0 12 1
2.43456292152405 33.0632095336914 1.130820241662 0 1 1
2.4464111328125 32.2825775146484 1.50466125680396 0 1 1
2.45021510124207 34.4914665222168 2.48316385624528 0 1 1
2.45030450820923 32.4588470458984 1.29854430187689 0 1 1
2.46428513526917 31.2192363739014 4.63677947016148 0 1 1
2.47238349914551 31.0622043609619 2.11233552758784 0 7 1
2.474280834198 32.7197456359863 2.58627334130047 0 1 1
2.48079371452332 33.0631141662598 2.30985446474487 0 1 1
2.48970556259155 30.931245803833 1.7113181601491 0 1 1
2.4909245967865 32.7375297546387 2.35079041850549 0 1 1
2.49378085136414 32.7844848632812 1.91537308595452 0 1 1
2.49448823928833 31.0923099517822 3.23637768640995 0 8 1
2.49669146537781 30.8758354187012 1.53470366562686 0 1 1
2.49765157699585 32.5025482177734 0.91523872183871 0 1 1
2.50530576705933 32.3839073181152 1.65887292779495 0 10 1
2.51300311088562 30.8655757904053 4.56051745313656 0 1 1
2.51362681388855 30.8818950653076 1.72568791378328 0 10 1
2.52146339416504 33.2035675048828 4.594548490324 0 1 1
2.5273814201355 33.2008895874023 3.8299090924623 0 2 1
2.52995300292969 30.7862167358398 3.1231516862856 0 11 1
2.54137110710144 34.6665420532227 7.76863284549107 0 1 1
2.54238772392273 32.3276977539062 1.75032243752229 0 1 1
2.54251909255981 32.8874397277832 3.07309144901905 0 1 1
2.54407477378845 30.978385925293 2.04837892337226 0 1 1
2.56120586395264 32.9409027099609 1.21208005808346 0.195804195804196 1 1
2.56624221801758 34.6404800415039 1.34292106762004 0 11 1
2.58108997344971 30.9663352966309 1.31547846808486 0 1 1
2.58115363121033 34.5756759643555 1.05101000904302 0 1 1
2.58457088470459 30.9352512359619 2.41739587634716 0 8 1
2.5860641002655 32.6980056762695 4.71915059087136 0 1 1
2.59279322624207 30.797737121582 2.47187063376652 0 1 1
2.6007080078125 32.8501586914062 1.03996226059906 0 1 1
2.60470652580261 32.8625717163086 1.72537937098671 0 1 1
2.61549758911133 31.1452007293701 2.94234769596088 0 9 1
2.62893199920654 30.8573627471924 2.84697125304669 0 1 1
2.63730120658875 30.8576393127441 1.95312330862655 0 1 1
2.65484762191772 31.1845073699951 4.7731525170668 0 1 1
2.7136914730072 30.9214210510254 4.74399730973383 0 2 1
2.74137544631958 30.9613151550293 2.49835245883511 0 8 1
2.74202919006348 30.9543418884277 3.21112838245565 0 1 1
2.76146292686462 32.2359580993652 18.2440798894912 1.52272727272727 1 1
2.76196455955505 32.3320617675781 3.27309744552909 2.72727272727273 12 1
2.76268696784973 30.9548358917236 4.29537149048157 0 1 1
2.7695152759552 32.2951393127441 5.35641768595569 4.33333333333333 8 1
2.77324104309082 32.3021507263184 7.69468668529646 4.54545454545455 6 1
2.77530694007874 32.280387878418 5.71673061995493 4.54545454545455 1 1
2.77836799621582 32.3072166442871 4.67787269732969 5.28181818181818 1 1
2.78554129600525 32.3996620178223 0.781642695886586 0.132231404958678 1 1
2.7868857383728 32.4112701416016 1.13772834620966 0.0666666666666667 1 1
2.78837084770203 30.9091682434082 2.70434670626306 0 1 1
2.79109644889832 32.414722442627 0.891848139837372 0 1 1
2.80026865005493 30.921443939209 14.3469147488679 0 1 1
2.81874656677246 32.2802124023438 1.52191571113298 3.46212121212121 6 1
2.83684015274048 32.4078254699707 0.550981466416516 0.145454545454545 1 1
2.83723330497742 32.5306053161621 2.67112824834813 0 1 1
2.84705948829651 32.124927520752 0.94994053247096 0 4 1
2.85869312286377 32.5328102111816 0.965515204673736 0 1 1
2.86015605926514 32.4313430786133 0.872868710892048 0 1 1
2.87572145462036 32.3775596618652 1.5761924377766 0.198347107438017 1 1
2.91334438323975 32.1738739013672 0.954565161743873 0 1 1
2.94561386108398 32.2034111022949 2.17024361650114 0 1 1
2.94761490821838 32.2698440551758 1.70421724218209 0 1 1
2.95916128158569 32.2330055236816 0.918680848726528 0 1 1
2.96017646789551 32.2611236572266 0.738164686699112 0 1 1
2.98075461387634 32.3118438720703 1.15536729092353 0 1 1
2.9921190738678 32.7246627807617 3.02301049528534 0 1 1
3.00683951377869 30.913631439209 3.7584287312377 2.10743801652893 11 1
3.0139000415802 31.3441505432129 2.24814425240778 0 1 1
3.01977276802063 32.2726516723633 0.673458545828006 0 1 1
3.03326845169067 32.8037414550781 2.3647705131036 0 1 1
3.03545713424683 34.0450592041016 0.668038793656717 0 8 1
3.03833198547363 34.1470222473145 1.25191060014275 0 8 1
3.03893709182739 31.1524143218994 2.41920674178511 0 8 1
3.06571340560913 30.9412231445312 5.25981296764013 1.02479338842975 8 1
3.06657600402832 31.0652465820312 3.46914697876277 0 1 1
3.08654856681824 34.1376533508301 1.39160363835349 0 1 1
3.09164381027222 31.0199394226074 3.37010639868049 0 9 1
3.09229350090027 30.889102935791 1.57900160835601 0.190082644628099 7 1
3.09759187698364 30.8847064971924 5.33580356406019 0 1 1
3.14098596572876 30.9678134918213 3.30582869927653 0 1 1
3.17237067222595 30.9081649780273 2.23508961499333 0 1 1
3.19387555122375 32.8506355285645 1.47574066077794 0 1 1
3.20126748085022 30.9642467498779 3.31804325375902 0 8 1
3.21127128601074 31.0118370056152 6.59500483675732 0 1 1
3.2123076915741 30.9191608428955 2.70638795451404 0 1 1
3.24445223808289 31.1587162017822 1.8166453603059 0 9 1
3.25135397911072 31.404354095459 2.77351792587487 0 7 1
3.25165557861328 31.1983890533447 1.87185381020853 0 1 1
3.27729225158691 30.9756202697754 3.08228121182719 0 9 1
3.27909302711487 33.177806854248 2.39817670729335 0 1 1
3.28149676322937 31.5641326904297 2.12718885117783 0 11 1
3.30915713310242 32.8738670349121 10.0972552702075 1.09090909090909 5 1
3.32291674613953 33.0009918212891 2.02584159683631 0 1 1
3.33956956863403 31.8304347991943 3.36427253657804 0 1 1
3.34775972366333 31.1935329437256 2.0128668240862 0 10 1
3.35872411727905 31.5594615936279 1.78315656740293 0 1 1
3.36475419998169 33.0603523254395 2.18987870553079 0 1 1
3.38225317001343 32.3138694763184 1.61116994916464 0 1 1
3.39455413818359 31.942964553833 2.32893111215263 0 8 1
3.40311789512634 30.9614372253418 2.40013670155284 0 6 1
3.41740727424622 31.1809616088867 2.29403006787464 0 1 1
3.43252635002136 32.7281150817871 2.05158909559852 0 1 1
3.43339872360229 31.229663848877 7.75836945684184 0 1 1
3.43934202194214 31.2182464599609 1.13773566674365 0 1 1
3.44252777099609 30.9456558227539 3.93270388579439 0 11 1
3.49815559387207 34.1300354003906 3.54917606835981 0 7 1
3.51759910583496 34.1603584289551 1.10645780711695 0 8 1
3.52506995201111 31.7135047912598 2.29944982127586 0 9 1
3.57426166534424 31.1324863433838 3.10693366103504 0 9 1
3.60344052314758 31.6128997802734 5.3803653074605 0 1 1
3.60678219795227 34.1263580322266 1.21143700767261 0 11 1
3.66808867454529 31.7156181335449 2.90421098058053 0 1 1
3.69233274459839 33.9645347595215 1.08989889945107 0 8 1
3.69256734848022 31.7316665649414 11.5917906935573 0 1 1
